16384183
14962882
79818714
66024660
57303488
34649528
35400244
34704878
25613403
36473723
88292717
78107361
64075305
29642450
80251378
56120589
47150712
23169718
17981577
37781474
42815092
81213324
17034432
51278711
32222483
15543568
19405968
31437447
25125557
69063189
79462528
17086491
60390503
44759373
42952413
76118831
65745196
12172500
68231554
11629597
96558115
36605233
81649622
82881109
10861254
23280813
32226304
16628979
50091971
45430132
99474022
30122171
98470139
26092486
19975664
62130198
20978638
72030974
20363933
94428822
17589209
47162426
52777840
73862161
90961559
55656068
86029074
65210077
90874246
64080639
61705213
60253425
11831149
48686015
18110729
52999448
59718854
71057462
29073542
94824163
45453710
52838125
96022483
79122267
43096911
72661400
25778339
94516816
61961003
20185491
47786415
48499979
23909140
47430210
71385621
43285056
72994589
95402472
28359212
20920241