16384183
14962882
79818714
66024660
57303488
34649528
35400244
34704878
25613403
36473723
88292717
78107361
64075305
29642450
80251378
56120589
47150712
23169718
17981577
37781474
42815092
81213324
17034432
51278711
32222483
15543568
19405968
31437447
25125557
69063189
79462528
17086491
60390503
44759373
42952413
76118831
65745196
12172500
68231554
11629597
96558115
36605233
81649622
82881109
10861254
23280813
32226304
16628979
50091971
45430132
99474022
30122171
98470139
26092486
19975664
62130198
20978638
72030974
20363933
94428822
17589209
47162426
52777840
73862161
90961559
55656068
86029074
65210077
90874246
64080639
61705213
60253425
11831149
48686015
18110729
52999448
59718854
71057462
29073542
94824163
45453710
52838125
96022483
79122267
43096911
72661400
25778339
94516816
61961003
20185491
47786415
48499979
23909140
47430210
71385621
43285056
72994589
95402472
28359212
20920241
91165602
79789640
57786126
17074703
65691158
49238640
51701819
21258341
34464080
66897557
64950002
44346000
69400654
77189961
69785800
58937731
44834152
28330411
40085459
86995615
86201009
61784745
79479115
72079781
76237203
83335781
50675252
55271336
72244458
81621454
50518996
44213284
40137424
85999442
10569991
30397705
51205968
39618782
53484678
53232193
74923011
81660721
53909143
89677274
12642806
62879177
38935829
26765413
53202824
66869674
24043995
22334058
56902821
23224066
44074008
95237804
13220314
92643336
53748262
59198304
57723524
48199782
55180088
56118395
60655978
91641944
87541428
53956121
86403076
58581164
40325926
44861427
53692146
62259910
93191877
92799604
68415453
62303037
89576554
11923512
21989181
68663387
11536281
25853854
66296465
48313663
36799320
30153870
42235040
57257651
78357408
11946610
36391172
29065565
43895501
89656321
37181468
40149384
68950059
80845039
77127763
29354946
90508273
44916700
52172873
68446829
43919794
94254815
23767936
31644197
35119610
13055415
46966319
87819984
14349095
94904947
62161670
34343985
47551301
30567066
89215289
18884931
15978874
93238782
57271709
94767674
65118622
56530175
61397306
23469251
59919772
36266059
98413906
65297863
53936480
87908349
72144572
12561359
38719728
96544623
71562241
85386447
52194520
20968744
25574834
65425768
24138370
71416392
73889714
87070699
31611803
55767687
24025406
95596018
22769108
48369073
60790490
15872619
32621440
63512211
79714730
97979920
41589376
45660108
57342205
11266597
50580608
15429639
33506299
88116396
16996684
41784642
55614375
17794101
29322298
48095391
66426964
22713741
94847034
75431675
41844745
68102826
96257065
44767526
92391915
34048965
67586764
38644044
29737011
48169123
46984858
66981606
70342197
11402008
86487643
91610040
86517404
67681066
28944300
77166678
91289439
80471487
68356099
54346465
53117797
53605013
24774455
25180516
63615556
36723798
89808921
30435920
26624798
20272805
79797577
88318584
18793063
88062235
80857435
30313778
23850703
98586964
34548999
89888899
77464494
49540122
94669907
22718539
25708768
46621561
16546183
70894077
24702640
63221429
93104877
71408374
67018080
62917621
90850172
74322956
87564750
79191319
95913239
40875736
20827972
91148682
51077021
10217721
14939641
15933329
34833107
99000704
51193749
89536718
68449279
42299321
27495498
68097392
32401842
64593016
11007576
67615464
35599083
45038836
42172605
86951109
52131384
35491901
24634346
54751504
71481458
83931415
84234201
64975915
88858224
88350410
33523354
46846989
97526823
83592677
98774525
70743562
12685313
85777139
85093084
41851844
20432927
20736706
56262452
45870343
83505148
51585534
20374268
99847746
50783202
57814662
61352018
41491070
56924129
34086882
79582659
37318833
76080947
89282768
62018085
23402568
70238976
37130984
58086275
58324604
92974982
45292806
99975012
17695021
14968070
68112253
72139198
46830813
76645925
90322307
61041342
40496418
59203510
64100022
40451791
88751239
97629112
70953856
21816495
51389918
51001460
69726813
92589174
93884038
52958615
67807521
83372709
39716252
21656223
94191944
30913694
39189046
85966750
24993266
86258945
22825340
47533746
69557555
88782300
72939453
28294894
64130151
58046817
48694370
88548113
16040891
37596697
41059493
31468873
17965629
54022267
22469271
21447677
83148689
78356507
56591340
41996306
64182428
29626184
45434791
66860557
95167543
72777186
93178751
91053339
69981884
36999796
14225831
36028927
73020258
12081453
47358163
29985347
58898893
50497610
31226266
18768669
51143176
81913107
76354536
19655520
67787516
92150485
62375709
63902061
64057099
99455216
30588774
85975970
50524869
67767416
84759495
26000219
88580483
81478638
27824225
35439167
59526271
29702089
49893047
43611920
71884088
76637237
58450530
99188770
19930753
59579926
55732002
84247773
25417749
65863929
97722698
58571814
22902856
12514280
90243218
33875801
58549795
71321041
74594431
31781400
30733042
38629323
56307906
42704736
30423820
27183501
90406393
90302905
12416360
61132162
76301063
19141276
93832306
21578756
77706137
59018781
79732810
30340852
43659874
16159023
56016610
47599306
41360897
92782231
39033086
47919163
14435153
55861836
38324266
47100107
59096705
18583053
82196590
51304751
12756501
53755999
92295316
81564652
73892257
96268730
23462484
37317361
52058151
30801900
51665824
67482194
37905122
48852312
77517120
57418097
96863395
94341559
60739221
81655711
45958404
45575332
15268281
27846623
35559558
92681835
58467086
89384646
52072353
48518388
81390689
96043876
90495095
82383549
53792655
69452697
12016922
64377617
28003718
28555314
48651302
65740108
13105152
38859512
52361849
99326985
99018210
22859624
85915240
46864916
40839265
62411659
18993288
40211452
31257362
52039718
58810207
89071703
71313545
77102149
61334562
23457545
69470165
67101685
49481852
13270194
83813084
36193065
62965671
62419351
10980251
37498103
95089655
26568522
81808794
37415740
54781923
38928452
74800135
25115039
34560858
55240081
18889209
56989701
95173938
18694034
73058643
27532916
80114097
78702130
90655229
50643300
81204602
37919054
96762522
48248074
67751876
21672208
33691265
91147628
36825153
32995781
85996257
74750791
67670885
70037487
82600801
41585085
51963181
97530602
98171023
51463507
54949020
68966285
89137427
57757139
85678567
93973168
82915500
97041632
15363922
26891544
22832503
90360491
89313064
97103607
22470313
66666696
89292333
84944301
33022517
76720275
24547324
58819310
88454924
59385336
64351968
52343540
74951533
84201524
10424590
21182336
49083847
76076460
71218453
11702615
20201169
91870975
59565097
11463068
69121096
21729688
13988470
66736025
89137592
29498018
25940324
41275529
42720914
21826721
15066492
90731087
51944676
84894804
21343046
56815891
39699068
66803307
84810370
26407455
73257379
24993072
18487406
43442517
59677712
73709132
73104805
82175516
75945031
39251010
64223096
65286174
30962583
59120577
93485616
79272119
89171526
48022580
73325245
24638425
69216728
18014046
79365577
31721800
11142400
50214197
31273177
88986976
34384632
11033378
71350378
57585734
48906877
88353431
47472219
11908385
47883856
34210482
25925349
61807272
29256602
48632106
14666752
47266284
38277553
45413762
27606592
90427228
25343518
72447599
76590815
51599725
25829327
94776176
78919748
43655942
12734071
79062986
49518759
47335755
55718170
33312885
57314263
36241948
37796874
43683334
61514264
96555867
66712036
49506033
56792570
80232368
35805226
55139415
58278885
64647543
85916008
19697889
83434060
91469051
49412067
55706033
97960945
51644985
93349346
64255461
83274755
95914978
92610597
59553055
83925785
76850561
48606394
26633057
80459439
40410535
85192779
52917206
55435131
22427222
61262706
21929911
99933027
23704696
59652616
77783894
55621496
17948491
74325190
69804361
77191728
70340869
65878092
97119781
14885534
41462700
62320037
66581222
49246004
49355744
41539051
34623464
84870192
83666510
53857879
94335493
20739465
83061515
99143366
59449731
64062069
82033542
25910835
11492334
41440178
68641904
44643686
64580608
58259259
96522698
76103918
18116282
98578433
58634181
26677767
59482375
89226391
75444175
21652641
33103401
76599825
83646751
87453375
23860238
55229404
51623201
87656878
18870169
65595371
84637681
39962490
31570439
26527415
97150742
93325214
42057834
52880355
54956044
78166011
72304070
86752768
57375679
76148210
81564134
72211174
34512315
30177734
47198151
13390002
83059099
66337468
87702599
23010704
53068907
93356771
78957787
44718676
54735638
79902801
38450875
27751197
32594576
68772600
73385771
58768795
13816600
90969758
95003156
84326976
80052413
60991770
40958414
87404627
47631967
83044497
69779802
70712787
79399294
19604606
92602484
54390913
92570925
52715303
75408444
34768030
27046734
75339815
26338106
35286268
65387966
71304318
25744744
37816886
92820493
17103336
36771089
92075082
17229453
81425766
62821764
83411541
85414166
70509276
12850136
97740657
94664938
13943687
83192888
89375386
99547710
83458737
61408813
74834178
13210692
74592128
37727593
31647566
55515844
29257500
50647260
72309187
57227811
42113590
72815423
84917457
35379203
68262154
71481074
20305919
18047033
35795221
50821305
29541902
92634634
41841301
50180686
74082771
53072341
41295275
66860671
71523737
11973074
61530775
35746868
63613102
61118713
53173852
88461569
60020659
70234871
72068267
70889140
72443733
64890372
73395209
16471910
12266149
39690439
99227639
55105350
54112384
60381555
72448204
53037699
21218529
16606434
88140090
99365368
58004708
66021741
86352890
19151821
18905310
37957188
88150023
87403483
83618098
20750936
99155318
99242154
39505838
72266216
96836677
56115577
46971697
15616645
93795207
20910421
37439586
91400210
18467782
48592261
84345327
18494165
72070394
95619897
75448126
81697789
69687389
23385611
24555123
30358913
21902065
75873546
55076222
82994544
36700906
60843200
91650893
11852556
28946454
62798952
51086766
43882466
76183619
29701151
94981680
22246059
27544394
98596289
76340162
87485946
80099140
75036220
81849892
83740641
49783207
41341040
54139491
22713528
32421996
98688384
18160555
18402325
54087678
60704042
56383395
72722279
56498460
15301151
96389719
52924085
12554130
23486919
16858222
59063031
48331191
24120865
93078283
15622753
56958040
60486192
71877013
99176603
48251300
23630740
33149678
32382093
76990032
54152035
89416531
19023997
79496880
84958279
59994659
67102184
87381576
79748992
42863438
12430032
77030123
67345370
84505289
35114844
34418442
94885651
95799457
57858154
86007216
43624630
50722717
63634569
89792120
46776284
82136379
80471501
44364905
29523093
79641438
43322792
39580827
18230380
84537782
47176428
12256870
20618796
47227059
62097932
35494431
76978580
49507602
67281479
19143856
81732155
50144907
99035140
44494018
93943719
89535192
68822178
77394990
60448651
45981398
78015059
80280273
20792939
63699786
35714911
63890710
99011565
45545644
38855407
10848844
86640895
73367035
48996046
73405187
41793073
91208657
51765873
69194230
65345297
62999108
11367545
46096541
41497918
21669891
97347845
69083144
71238931
71508952
54420877
70195045
35615210
23731075
45000654
70199953
18520763
54495376
16011140
54648662
14802236
80351235
65468625
74823268
66589979
66993320
20791792
14814719
39600344
15419783
95595644
24532992
36118217
39295353
88017150
57206310
41026369
32422226
50873300
87954671
65331398
78658073
66264210
68732384
23679794
43013109
70513622
76862530
13275758
11275658
26121531
53225869
76219725
33781805
37093375
96922590
28773939
71404594
48852623
61836365
84940394
66002482
45904517
48253503
20170619
85305641
11326094
34880942
30931638
91393818
73096407
53720135
67658065
87473043
22335841
22849687
66132578
46640790
36129228
37210380
88458878
93022662
96570613
89368256
72060929
72100520
63469270
15484353
57060240
36252035
89608567
14955966
31384315
18088517
96854813
12884518
62454332
73149598
96744817
49371990
53915061
63001001
61614238
40098167
15276939
77066603
55819545
77919870
12770298
51262034
92771418
52708046
86973792
18380229
76250537
63010210
50762208
38373040
44061627
89564252
71158463
15304088
84783218
50810125
60596779
29621831
60729072
16073160
76652286
67614981
36073621
45038147
86869651
92567662
53755755
18906018
75819097
73343949
51761423
33741279
42335083
84040681
61824642
47426725
77124304
96914001
93240432
76013255
57415943
49659361
52412999
13142624
14424511
99896056
57783899
18472240
62103053
50410848
48384576
76807062
47091684
82729725
19336667
30645706
16727446
50787380
71536219
55483537
35380529
10121759
15741784
56566958
29525639
67900465
77590684
56689588
74938015
47673993
52983188
91976499
80993131
84153622
23901861
95606613
17280351
84701021
65347331
57261005
14174252
77385928
49701055
24050860
29158272
76076558
60709286
18407398
92037816
84214433
22771638
11297262
56511230
14018064
44503478
98091649
62590490
82358230
97038885
17048043
96336247
84231472
85094847
75331500
13721844
49070180
69110804
93498458
40331455
45563934
72332501
50812054
51370127
54489411
38140708
60921438
96130963
64612344
19720740
80543304
71535863
15799749
32865348
91105269
41536437
55386610
56172350
53898380
14710585
50261645
35086132
74654720
87812570
68652028
94963781
91299532
43725123
16679139
71801219
47268887
91916448
36950287
40734460
11800655
52853856
44574408
49631512
61684157
94148248
97242720
55469440
87375277
38042133
59627784
73581439
59759770
65504022
92211611
85609483
43524758
23671576
97184878
86082063
46698534
36612827
67331422
81960897
66447729
31176693
21236480
15009203
79930708
18363604
42802209
14535344
25835651
37908003
37725539
32396964
14343250
70045692
73392934
89905103
68892954
23703286
26628732
92255051
58179918
10050500
51663879
26638945
66299280
33944725
34710322
77800040
27937281
25675095
64284022
43323335
61590023
36033556
40475207
49521592
31539504
96841129
90081237
16641823
91987230
49729561
19669610
57911890
78301987
88173547
41503225
75126360
75024278
90144418
59119720
27935181
23543079
56095161
40029573
18576632
47640645
64602551
11935139
30241003
79637152
69100896
28871647
34802750
58765095
75755041
67740407
41107793
48221280
84753095
57348522
70236252
54723167
78236547
17710955
37372476
41195562
24196447
79004541
23856749
38575982
44110871
15720941
37915536
32958915
40302576
40366824
65536866
80388556
37531846
74876629
96810047
91356478
37829436
45005593
41963963
45997190
27274903
68990402
80098502
61081550
61414292
89005505
80615528
73319059
71765660
15665441
18372679
21543011
18599109
66398601
59268451
24585775
48338712
47287342
11398919
77218586
70711361
40920932
87848279
76414794
10817121
42260791
94869036
10660481
89160820
93755968
40804278
56184256
41568669
99733411
10706506
40588346
97652917
62886349
53587735
25562695
36779038
85603692
97587613
64791906
28629295
46694727
70379731
52948265
16162047
45851035
59379768
68506799
24738560
38329118
23356926
82852428
56901095
66753939
63486781
49178504
98208947
68001776
33261145
95517228
16556350
41196462
29687343
46885118
60608245
71397033
67497992
91670629
24547647
97246386
59584768
78142424
39166407
23856843
37447823
66792844
46441810
81514894
73567914
44470183
59009756
84491055
83691674
29383699
88904303
16245551
70489417
59131583
98376735
21568139
16186054
76933463
75551521
71364880
44075253
37681560
44472681
41912582
43554529
94019800
54753648
69360714
17620888
74411194
67234508
49418810
42862752
18891186
39491442
42918919
51622723
70069763
28007233
88985054
54060497
80415212
54323083
36315065
40203577
61281550
66801871
44468449
96967873
12539542
65502335
59079607
37860028
58352946
93570337
18941364
56674195
19800000
68821299
68445873
19127459
86183640
38413378
86654625
48294780
85149853
65618523
12533893
35290688
55505544
62730026
66240369
55373105
88483150
70868632
93472640
31712459
20133428
39105746
11339445
71942184
26111980
44991979
57692408
71330304
50961804
94189057
82805708
13365412
41080608
70233031
94513133
48561214
45318681
89417809
96050796
87596947
49890600
12327635
65504153
33095318
94745461
10246471
78030619
15470770
86105100
64261804
80800102
11393077
14733769
75713164
71511684
78012840
84937703
78849209
62713519
68393773
40615878
35032431
66909531
70267885
60034238
85535049
52726380
66464478
21817750
15952436
45946666
95933969
99805861
32976511
67370490
24987937
92684384
27443743
46936815
73136916
83090111
16662329
46656749
90732390
46076453
50055402
63191019
10728505
97306048
96031611
56031837
91982177
64149180
31962618
22524279
53288061
61037299
33535278
89826705
40447922
63474023
94456449
87291483
74457074
65845840
26927435
43752720
23893942
47981954
29124190
25161508
58907616
58848819
15383924
65590825
57302907
44528612
37342971
89645569
29371193
81762998
48511001
84937376
62248448
60516747
32126127
53922904
68348185
54676920
21915512
62722877
21170297
54292996
67959387
28446846
52248961
13879186
43258649
34757294
94523841
60079379
56068579
53801355
57493784
72063780
97314702
35200720
60168851
33359836
27828843
82928397
68126219
93081342
94560947
41818848
23607938
48933215
85863745
36812208
82744727
75792778
87804038
69811854
83136850
56193629
92796829
53910769
58625496
34335922
74162015
29363652
25587770
91748896
99060326
45062721
64822183
37269083
57947028
47045637
69396202
62518377
84262759
60877418
42082270
63586552
72787702
48790304
51532655
44179808
90925453
15890332
15690480
14614293
42285678
33108099
92310371
59992283
54684177
42357958
18372148
24984296
27505787
35250432
66425879
40662533
50422285
61027059
99946595
82083713
55086680
12672409
53264841
21387398
89248020
57043140
61561323
17721392
24658061
70278072
39362268
91492957
24342333
57226693
25206023
70863914
68759227
21500112
37491406
94678422
44507046
60186195
71970376
27048005
97371287
96517682
81916857
57758019
57624097
64515753
37668045
77432315
62773250
59939617
15836783
92822992
37812674
53324758
80216396
76273668
16798794
66355709
16324619
96323033
12127492
61696009
46255266
43948464
97341140
79520797
95149274
50897383
10388238
17741528
25409725
75897186
54597457
11273431
29594278
56113346
36354816
57948476
13097014
34807707
38580832
51726150
95748070
27275495
40873695
83824563
23835256
83939191
81040877
67395135
53562978
91540330
89438341
67817733
89272611
38145291
29901084
55843873
69140113
18809207
40734163
80675921
49348219
46037520
81309439
87390219
49564381
64122952
78941051
97581534
80119639
90518366
88191760
26465271
90217300
88750330
13480302
14389185
65963583
39741860
50050532
56679788
52567363
84796328
70552547
74806307
36375170
65978658
49866859
37765498
72061986
35549904
43293261
35390098
22177886
42675966
48634620
75650325
56176561
29166723
17172502
71311183
18525752
12127705
32456387
58927603
56158401
40507409
55159596
99100899
90597192
38466365
94143193
91669850
75902631
10175879
26416852
93982047
38848678
37817639
65128613
76514471
68858150
89851378
48198302
84845193
47466503
46512650
77689893
62179482
33719187
51042530
17926913
14043432
25707785
19811694
28224811
65707736
38652661
35433017
75695590
23069097
40066670
75536706
16614919
33108776
64168130
76319556
42857346
29554375
66977687
21932914
76798086
26232751
86027380
31160142
74454701
63510666
68476221
51357370
62592078
93072260
15527818
63438075
14785479
77436926
86433642
72114791
95294665
25250972
52808786
24344988
19553631
68552596
81699737
35926917
67069081
83994587
52834704
82199186
65502870
68204302
53376552
75479983
43007088
21785990
50622351
55566583
32247304
94703042
48393346
68549506
49972371
71509143
66290236
56638362
24244397
46921271
35811502
27029080
97039121
26695851
22061353
69866674
50362501
72855987
52921769
24514874
94095009
52490450
19762754
57473708
35496980
29058454
18092433
58945581
72012385
22455164
21325605
90984753
30587296
77405976
58982856
80200700
75000060
36485445
86293166
42109295
78025715
76261741
83292434
25065059
51442832
36885247
29641115
12799643
53731102
30328932
41525230
71914660
74742371
92732921
50537898
92948877
97455106
35489773
94532957
13072926
23206041
32346431
24105571
23392132
55703674
16349995
25379617
15120750
77428197
13034467
79522303
37708242
83618137
37883258
19668888
29156004
58868915
37264379
68782063
57247627
28416051
69928186
80495015
21747192
74239951
62053914
52810063
41462495
27576833
68523382
68477573
93695139
10412488
85295446
35251735
93165987
96784970
43428956
64756663
27476041
45844781
85723641
87381299
30351660
14428086
62182191
41187545
20396985
56067285
77144890
77644317
93536994
76958944
88857998
28276927
41903238
16978181
79738374
71397696
64643253
69426720
54353241
48414138
56255533
96218327
67942605
78518818
93152029
40275795
26046676
24334984
86039563
54311439
11970441
84987125
40617278
81865745
27294595
21435092
37358732
41567348
29086518
33330052
49123645
81236331
31930288
81976043
75462857
91619004
33931207
80050354
80743076
87976006
38339926
38838111
97521789
90899051
38048015
37526341
92955768
91641536
60228304
93774036
73216561
50160733
98669633
43972492
53933097
35908142
76368878
21611484
24478859
83346863
57035500
25927332
34451166
53696416
75414074
12097262
63963135
34058788
34046002
94549458
90051632
16532131
12979427
75504956
22641316
66356025
96388152
63616635
57292266
47644801
47274977
24874590
24010819
10841552
76722616
43113354
26313333
39528489
81490573
77624362
44452122
84734915
28398980
27966620
49776824
53886052
15210287
26643456
75638553
41680624
33111228
65201200
62224722
44188000
52706637
33424393
86539121
38086538
62290788
59004668
55261633
46812611
69967145
49843732
18249736
19303181
64731756
97538886
24624231
92036967
30481827
45758176
86641206
23888229
99448592
53899262
35394478
11650714
86670588
70120918
84832083
43777006
22349675
23626802
88185365
36092228
82717607
62547614
67726291
32125482
34826549
18822481
56643748
65073239
17495151
54759315
61784579
65851658
81379490
87779304
71888147
35571288
52126784
81437943
18814066
11078622
35770706
21701938
66101251
20326673
11469939
23522853
85472306
97501039
61858782
96143014
19368035
72903397
29576509
58985271
92857457
80401311
30658539
72940601
32705555
85125000
44321297
43605741
74134370
98022151
21186130
57743745
23730280
30551698
79877768
84730735
41701418
19118195
48601589
63291161
30449588
56215286
83252396
27301440
57185579
12411590
25218310
82827581
41160656
20599041
85712162
29928883
26668740
86911154
21923751
39421098
28172487
76697997
44212076
96209483
40554137
89552968
64121353
32040359
11860670
86063869
49278486
54884815
65503134
85315209
66882973
60267643
45390883
82063521
23596024
79630092
74883608
40369751
15320158
64014356
25521558
12315855
18493680
28076076
74074165
29876393
62118274
88129627
94455674
79079935
51297454
76131016
37996273
84727900
93790181
55812547
15758287
63929994
80748779
90650708
66142353
76561530
69238313
91714756
34500178
14910022
18356692
22700923
23287923
97564516
33940022
85898510
26932449
73549328
81242526
42120826
32235968
21085507
41127978
12242345
93666878
16263360
66596915
77904795
23177036
87787641
34890393
78216909
86838961
62499821
91447175
83963192
67084114
95753331
62463279
66265197
93257914
91975508
78708875
27749577
50416245
30318785
58717794
47449503
62303293
24736447
35031801
94551607
40915244
23498914
76101890
40913901
93433796
44622237
50974792
50530263
93530255
63475092
99018056
99201922
70084120
28610034
13467591
76582477
81121716
58202829
73183051
89844233
61658602
36284189
29871538
94778372
81485431
95459671
58642993
60791019
54311245
71650482
88569350
66057463
37889854
89685966
26693092
30437290
95014976
19149515
95046506
68579612
58375579
97200849
92445773
57163525
17437596
35892529
47570151
87466788
64476026
16379030
49819710
12933150
58957066
77621885
66454564
79974863
69595922
66561818
89076539
29782043
47319039
92817293
50401845
83329418
11069965
20084443
96409667
51355060
58973820
30811984
68223157
74126107
82668474
83294141
38341469
22900248
26034099
10577328
94371018
70799567
49140243
77821728
52921232
43166599
10727838
15689366
34329173
58286088
55174195
61896734
35269802
35379385
43151911
97398667
59891583
15208647
87227414
12629467
55838692
45193791
49442201
50886678
93096690
63780894
77521538
72551102
47832048
28274022
39777690
40177573
45155178
20538527
43777120
74888794
26454099
56446328
14718355
74439423
35229242
94254860
17405775
86860875
95865434
87839884
36394816
49137365
21181553
97486787
41545035
67458958
65872933
75384868
59523006
48122817
74194840
88518721
28033423
72590637
89131836
93322000
31075693
54102904
25384620
65964013
27732373
33680632
30718602
98167307
31729532
31499535
98500660
13181099
28217321
73557105
40721227
24814614
23763691
73782204
59979746
66793696
17291507
29937389
84720567
73512673
66251498
66080922
10569837
45908951
94307407
22217167
66378974
93640504
75997265
85368580
52185723
33861687
32191479
91213581
37203665
41433063
17176767
63794711
19154081
57536394
92512044
40708352
35402336
61383467
55266058
94681403
52440880
51537259
95656629
90117286
95806142
24317032
56353008
41728818
30248981
15297110
19096254
49871061
25765874
20222848
85781816
58398543
18367950
19842830
41191834
48555618
59671425
35820169
63738911
55612546
70292741
70902893
63911247
37376315
83820074
71866865
14985225
68427160
45648995
94813849
66477263
69781563
59753455
47665797
66274422
79857259
58840714
24861946
33007666
37020339
88227415
77405251
13071068
97303502
25916020
45357282
37655111
88470055
39759150
31721077
15285730
86289756
49461239
21871041
20448972
80232996
95901492
76551137
33786215
99523959
13664578
84903246
17748438
75084537
40008104
34131482
46420481
25607366
52482261
39535779
44938300
92104533
63519275
76780925
20592521
81455592
42188120
19649577
88764332
25977811
10717708
66335303
37952511
74225077
21845289
91083409
78991825
28512689
12402964
71588361
34239861
34688312
63000466
69044096
24429895
26897686
69030140
59468053
34040218
90766530
10099278
32437985
31353990
36424378
76514550
75195868
46951544
95622722
22519812
63894538
12196839
78159538
94860873
52628179
21903539
29511515
66259655
66930750
48232755
69646642
88046854
98001241
28271226
78214794
64566995
40284304
30816238
50954211
68590294
97893098
55105964
66443482
39704158
71284149
82252422
70804098
68767756
76456555
79308690
52472922
50188175
76793833
33504871
26410030
90934034
96887289
64767913
51534201
17142680
42169407
60409166
40454572
31141063
95026278
80842871
73933347
93454136
55697922
79130568
19543529
24745067
39916312
18858959
41225985
64291712
22945424
98175361
67263312
32842755
98873581
50362455
73169170
23431387
28353576
50404710
55137637
78076403
44022736
80266396
21901917
47489472
23574031
11521546
96854848
32693653
40481171
37069650
83901769
68404308
89980140
28090947
19379280
58383010
50410595
98432364
90441364
18513452
11876627
71253231
98474596
16188173
32844356
51381017
10500842
18581686
89371131
33773518
63628769
23784625
10862182
84528628
76174684
22363672
74369118
69055859
23733213
84191994
13115049
89150520
57649666
62924581
14093547
72682364
92304288
58824618
76584479
29390016
91367457
95667380
78042855
94513738
32549074
76250275
15086057
93303144
29072630
65602184
27909472
18338417
63741105
92786251
81086272
82864523
49127816
36116176
70687301
69654233
44179590
69975229
41092000
15157846
57492125
82117246
43561856
53453824
69307922
58460136
70352481
76231242
55288040
81353776
96076215
59913419
38036276
91067201
10316425
63313838
18492756
94483287
79002515
41843799
41659147
85522318
59819119
80636530
31942314
56089785
18632305
38404821
85601066
51142808
92265197
85992954
95335766
86466497
38998586
59043210
47439980
35312332
78585025
93994305
13108213
59380934
23753732
18997607
87970271
34046077
49131848
83158500
96399570
91753560
48213770
15242024
32141753
67761182
59399146
38924056
94062106
55472916
86959117
44581552
46105496
93136786
99011232
62719186
44858775
18085837
51275267
18546932
37887434
96857323
76710826
18488397
90528924
78297953
35787985
35966507
58394910
40204289
26697937
45461762
93024926
75038141
55024445
19383480
46872993
96944687
16138962
44240322
93825117
71248424
50533925
59067009
14467135
40004691
29145704
83847360
43982273
41109533
51107284
92451888
31572481
42957129
80087352
14481664
36405864
20002024
13540888
60776256
86767706
69541699
63290652
35699319
67533611
67340291
29060709
69177188
44449674
24278351
69637681
93890975
38364749
27637781
81409162
99537761
24501013
55436474
18131964
86717120
82299963
83170254
59827134
23657950
61305802
92444774
53678784
32732523
38416143
72129030
70302397
83906078
69849705
69275169
60503902
45093077
44286716
37530289
85754203
67955423
73609835
11902740
23278316
89421640
29374550
83093865
84992584
81650815
32314863
61857632
85852723
46375063
23166071
14202755
66235630
66306144
40376054
95918198
55349849
26373176
93428802
34395986
59403235
56073927
66484534
81565735
23811302
32419036
26260630
85778393
27494895
37983875
67822618
27941878
35952727
16102803
49105596
48810505
89004991
93593646
66450525
26517818
27083036
25678610
80605336
87959266
22315364
95703607
60448256
17006588
83322479
49288627
16204278
18317310
65014747
83752802
22101464
78159681
89027566
44183266
79673145
57917569
21261409
55281877
30582902
31679569
95921493
85566341
41487096
46269759
68871557
10673373
97494770
18151034
38928633
77964477
98254092
10204157
27465260
81817769
16210155
36786513
16051258
12357425
66369591
66739339
78308122
69384357
40229810
98109676
53229881
48425107
17860936
17969235
38965344
17907670
18105742
21226412
46172992
42394435
31869766
75127698
56182759
76644683
60884359
95423786
52225076
41051041
23222476
78343370
72266038
69458698
22177349
85814770
39488464
76456010
37876587
11820985
17763544
47743155
10466353
28351079
24997420
35385912
58803180
35917764
73720239
89085165
67015639
86807381
78973976
74523203
90188197
61150144
13854939
78368382
85334380
63245983
51293187
20206331
70871550
16682139
29897186
43813338
47434562
96155473
45080363
84544012
80085409
54568714
78087498
63963431
43703874
49259745
95600179
35451800
96440186
84198323
23017450
97506288
51445109
93195112
37479384
86708314
80162496
39817356
82136124
72299795
68097745
39076958
12176291
33247507
18124480
43921227
93033853
38426374
45996310
66079483
80827112
61775474
96894049
94908433
24579574
68895483
14043639
80103926
45515139
66826183
52778118
59116070
14425833
77061385
44468280
58631358
57522627
88757227
26559234
28079348
59549577
22968187
39691154
52668585
22453652
72161191
12768015
56973997
11862889
81323763
52000546
97037809
12736850
63950609
25500822
74125060
18625661
22212372
69866317
95054004
63366622
97814493
46242178
91536697
93121178
24249628
96663657
54544817
41170182
93813680
71101989
83223676
53433729
70223092
48039867
41526800
99840703
43654912
39904424
78094503
53072017
99662443
50885221
78319248
18787421
20721590
42203858
13391809
23468344
12241185
14199507
77711335
93461127
95129285
95659765
69768150
96295210
80277471
21488282
32990751
79678456
90266171
47552075
43706799
61136783
89075111
31213943
18909862
79235447
49960109
87071743
43684136
66074238
55655947
48510515
83912865
30491019
63934577
34104311
53300027
77959502
81186143
61594884
74003857
12734171
68880872
86964765
35391607
65678875
14097449
89658445
91289585
41463788
62814692
46387822
31315014
90568665
17771678
67350432
76632193
39822586
41662055
86139440
87939099
13338817
67977427
97785155
18905370
56237027
54980097
50315753
17656507
58344983
48212150
19752793
50185276
11874749
48893764
46217918
64370984
54900378
76242264
94751266
56310341
12502620
37964739
42687477
10325115
58354141
38397868
42067619
78730778
53632843
29952385
25902421
65948942
28826144
92948412
24121231
62524467
58094439
34638622
75324690
24689594
95017337
98158055
36124377
34681146
24513741
55855002
18788339
33126000
75886424
87967775
25101633
52403909
41718510
18261982
80747119
42489167
77551785
67291639
53260270
55341517
92064303
67256099
40726326
41790547
37403349
67825802
77538803
14017068
53165266
63848570
60143176
54101079
45122816
31244751
28729342
41622729
47566036
73978840
34322291
58200443
96906893
74001938
58057124
82812730
12373199
70460379
48214856
52565111
22599965
41778873
35942123
84288180
24863371
59549943
11703012
28383690
36013458
60151284
81082243
91351408
18998492
78615212
62639501
73144509
61470166
40169841
64668386
83079134
61045886
77885620
53820201
75012491
55711995
56873183
45561527
70807465
90333194
90963290
61791929
35619498
45990636
64952712
92948033
46497991
66322932
33577388
97672228
17887838
72937407
35054327
65766214
24591613
43023099
65739004
18548909
94398498
88838290
58796112
90807082
52709722
24313404
52184650
68435231
44031114
62190826
66007287
15757767
36055280
84981154
79089983
22674467
50871309
17266940
90751685
46711959
16748929
47748414
23674146
51962861
45505907
42179680
47131756
86741369
62773441
31380644
85984366
59491632
61523018
28288383
20460622
58687697
92185692
90593919
87408586
55359017
84912947
48294073
75987256
33798548
98231650
58529747
73621996
67755888
37588795
71513417
95265516
92761399
31709541
11771220
43467827
39322218
81728924
24365978
12477262
42806450
61116016
94407894
64996774
44845851
42909993
94837945
41078180
41888593
55768192
13580113
18030313
86336996
39900254
97578461
30102239
56870920
53464343
14021399
90113997
18845745
21597397
42020308
55228019
57850236
41092560
19043524
82289452
62165459
72853372
17649825
12601255
31981432
86667555
50157869
88318983
94377188
74657021
95813031
34696170
89011069
35796903
82643440
11588530
36780393
60932729
38677968
59786777
29964667
68858080
65809674
22143655
61741517
60176065
46930304
18275722
83729470
76273000
12510190
92168138
14287132
92274148
90177333
89325374
67876748
14437943
40963593
74438343
81463250
87726677
66128887
29652812
97529032
80318580
53057510
10904683
60092885
56276505
70129317
56394252
23728130
47760544
56131347
79027309
17648283
98459140
30473760
47486962
35982039
92341868
29238294
67704482
33988907
61297138
15448725
20396875
23278605
81115382
98231641
80164218
75324800
81967369
46178583
40897615
85714177
13567514
88018637
33879875
28605923
24188058
54595266
59785014
24980183
18357716
29959236
34509721
22128716
20112631
95898183
77556248
27030622
90245735
26267719
46242560
22696683
94868374
64754564
68799107
33229893
26728336
74634546
58402574
58254279
95306275
46551761
44511586
84827805
58210871
32156787
82514242
92505358
43749611
48808627
37394972
60191776
80390132
44304186
34766526
77828925
24010153
32375773
84583004
83012893
29812470
65834034
35191582
39633810
87975299
80203389
26308074
94095330
98517974
10135184
88652592
54659293
26811406
54136660
82905042
86772179
81286947
75779794
38789621
99407562
68110525
62649993
29819934
94016090
46938735
82261613
90209142
23796138
29843245
30512547
51004080
40682482
20762055
45290548
71455340
16751969
73705500
18196503
32403067
96782845
94949069
45684836
27240358
80904004
76980552
34743774
73488641
43658299
42010737
42488105
19544184
88612501
31922924
89262823
28070919
36231600
21454125
21992820
49287903
39165222
31262272
74630167
87305039
96386705
98582298
39430709
94353851
71546546
64146920
47897265
64546198
11326047
64684935
55049283
14988206
40814578
11765966
88299037
23980605
47019239
18120188
29961966
66712598
67291586
37806551
93598246
98235903
83081047
66310310
61928235
57258582
43539713
78943779
92093548
31113406
35802697
32650274
46606621
62587630
66632551
70398087
97492132
79003427
63319391
33563902
74134646
86247413
55322999
81338425
70416592
93093833
82915565
46665012
59179999
94411197
16580286
29154807
82434500
31072928
51818792
35748967
59401110
73864874
97825272
81441635
61372596
75670469
95752153
96176067
95008392
69691217
31847336
49390858
55098583
28551691
36853130
18155820
42602543
68702584
18105948
44814726
68865420
97445982
53542099
34234759
44348256
61210367
67906994
41536035
12389987
28046690
24643066
89142273
58322477
43951205
66852105
70208075
66279130
96980784
36576515
13808329
56181898
83533988
49015885
99500103
48717463
57419541
19980425
48254974
25233036
22710071
47095063
68735639
10436946
80786115
44117978
65483237
65406016
20988509
14709286
86015698
46475088
53435901
73392493
30492278
67428095
36930498
46742236
65266712
26871160
92990170
19012281
55256563
14633969
19086591
65818504
78571801
37695471
99602719
87837255
50895529
67555869
12156936
22049099
43407859
72433874
14010652
33003822
57924502
89335326
78698029
87735738
16104334
33356319
33579730
97455873
52304380
44544100
71579138
24271431
91979151
24272362
39585643
30360645
65550787
59874233
50016172
98451665
44513052
72335649
46626698
48846190
79906632
52078408
11600399
45595499
60469589
48503600
24360780
97954221
50105857
89546772
98517637
99905775
46937722
22121475
77048468
77857068
41959822
18300021
60859749
67276989
98516614
55221606
53891011
58739354
42175317
10985240
93701010
69426620
94145632
20390656
13842242
65652843
82531761
55158069
93740601
63149021
34292093
87552743
81782694
21215496
46944202
19689039
25685618
48943369
66532061
82153060
89132613
48041863
27458839
80974604
19897071
67661040
16918134
16038032
22661652
13511088
44728720
96251909
59391031
19856559
78612348
57893456
58074320
79224106
47937696
67878088
93858880
41802486
57642280
13068495
39796600
66780849
42430851
22002773
87530354
62036021
46785586
17823228
57600144
76664267
87775225
92824061
62750797
36460851
54555508
12193714
16150466
32117922
42501208
14291991
27234333
69688729
72503779
41288423
36094343
26514194
65583793
71612856
41178318
36405393
97215797
38527854
69791166
84217550
25148384
53585648
69969583
83596871
22972235
95765188
52038936
86669162
42370021
59902048
40847089
75511157
95698373
35794503
37948642
95334005
20376062
55774423
86512731
93451674
98907175
23447914
86587296
76416360
54817078
62969450
16865397
87127914
26478998
66868366
62524194
53571834
22067718
89753785
44097294
75301831
64706504
83118743
76855636
71255642
50864147
60241459
57551451
26559495
15210859
39059579
11666229
70565922
24673848
59244730
72545942
36345807
39262164
11136557
44143493
38299114
66800511
41088746
83849793
28316862
27689624
51961541
89845239
80791282
45319653
12485186
96474832
77471652
96968111
42685585
35020587
16015314
78842485
18859328
50963074
87107017
21426844
48711429
31010092
45430380
96673024
25508661
85639948
38328556
66176661
40989516
53293853
21454881
94772722
67615627
20611150
46047014
45573686
98701686
41614034
39276722
28004534
87066829
50607821
30807348
61700054
55677768
77020957
91979702
54795395
75300111
82664876
42260688
92700078
25079016
67940879
69645304
97738519
62999502
55118299
77464631
37945735
46021626
80322581
92937920
58582635
79912600
59250181
67997283
60041356
17118483
41570349
58166457
75675600
88378280
13749774
41030858
55646263
52549501
32694573
78795751
41722070
33145177
35401570
64254992
28702766
22274769
99733617
19466830
16943278
12713114
78296613
62681524
97134492
76491034
82568600
69697347
28345016
48053728
25186161
14772695
44216555
62401812
27198761
90657317
65973317
42694504
43258584
20529608
56390686
30990941
50807304
95677292
92737136
40808148
65020669
52112090
39242742
19484578
78922533
31882555
15282920
48981682
52489193
18176860
17198454
84656281
29381619
40102995
57807765
95901533
12383890
26694124
28466401
67784246
41600314
41634436
94865356
57188135
55148704
70307932
34811217
11273819
68453515
42950371
41051387
16471946
57316292
31829067
22371076
90483792
48200669
65699301
46648239
11622378
40031273
47737431
82986239
65832990
20375079
29703527
22522196
79619361
64223750
65811622
82817409
44658731
69514416
15467889
64645531
59841565
76736427
36931880
14485009
94951528
63954358
50586972
35012222
84300417
86305937
54198617
40328784
60083887
50938463
45029115
11992375
61506993
48854074
41362044
60644426
28501973
99350229
91156359
78123582
31561867
45822471
69864563
79513201
42534322
70624143
28633399
29811874
66305974
30620692
63294951
97838906
28976126
43831614
29890613
59956509
42701687
38205332
61936091
37413394
13611026
14003399
18776879
67107946
94666492
63787896
86769866
46463693
91058678
69443994
73756616
76760472
39141923
42921542
75925193
57702482
49477689
26088329
69504362
80746039
62965423
37415546
96910553
70640840
25337689
29493134
38589698
63936182
38674473
78748334
81864181
56531330
39005499
45882730
82598802
15656806
12975701
54985394
66480671
36565537
82519644
27178294
85646216
82338503
23517800
60909527
31788811
56306190
11082868
70875854
20435018
70516676
66793095
24579864
88363396
47030616
75869960
15507674
75352586
78434505
54598110
79019616
14368136
56352308
51633793
38268446
22725010
30535614
60715013
55567946
27785501
75025834
36042975
52965705
44331687
10781040
65570588
11411442
41144101
39413266
94754063
72104194
73369420
15963156
20074785
16606163
32812101
82755151
80982678
72596998
41645584
14540111
57032375
67778753
37526000
74240781
15471592
51208599
69136057
32993045
16980566
91120515
80711914
30375636
34904395
31036650
36327073
66164199
88657661
76662236
56105903
24554557
92504123
79865657
75138393
97839739
29681203
28828806
13780912
20729330
77076733
33169833
19406880
97876880
55703388
77558979
83834846
90153859
15137246
81843978
75781129
56277845
62981527
96390663
25628043
66112049
69524651
51987271
69702743
10866044
43762188
66473863
23006052
87797048
89874213
96045270
61664646
14220897
94144813
48555516
60757576
84215280
19234220
68984681
22095718
61967807
95175397
31120210
39794422
38067427
65166176
19218406
74684290
16580561
90614851
43791932
44525148
39546980
61664244
61101761
47010658
95276125
83354914
79577760
84561370
99482650
22008719
90792176
77796402
20586350
93969457
32147076
49768580
77038504
42343461
51045533
16037169
36132082
61730181
92709805
45634379
19062314
54978528
23820624
96300009
77775422
22242229
79534465
47075332
18757296
99713213
69524057
56963294
29518904
92302641
37700098
31518898
18208773
79064993
70166728
51689338
85687257
36551670
72394849
48892150
53763473
13553498
13458712
94461194
98635818
36340875
65367650
29353216
62884231
96155144
93947019
90937685
13890772
54875287
96681454
76495762
22010887
86290928
45012387
24788087
73233528
47527644
96248375
97299875
19802550
40476486
34858974
55977418
14341591
18037011
49217675
14667544
14094307
43716878
98576078
79770336
38863326
79231650
95056279
57240078
70758856
50824404
85836209
64572258
16416417
71897718
42942908
54490007
36843297
37432291
84048479
79010434
40298468
51162936
70229149
16634676
87655949
32709139
92395841
74628524
71258669
75821617
36774218
58109628
47877696
69569750
33316622
12125020
53613024
69260610
40398348
65573308
46912201
32266965
48268075
74949096
67388251
56642297
53145286
83988731
25197263
30530731
59084479
90843009
75000557
65935481
99277952
93458179
59509875
60638738
90097215
14355713
33199259
42097102
40882043
75254668
26696131
53472624
41547889
80695868
70699206
82424996
72005075
83464073
47905284
82892731
21008237
63018504
71741540
55791930
77403136
62660428
94208501
76669233
47349555
87017024
83402777
58934056
45681941
12319831
86322226
47093240
47638314
50577170
46548294
56368891
50186188
54999395
64973563
60674835
76132860
86158207
49427065
31960826
25277847
10231178
51057759
25101918
72431778
10410635
32866359
14826584
64841254
73107152
80126955
53409345
50798246
17049395
91170827
39649143
92963734
47581894
28990343
90840018
77018622
59635667
27472952
88774083
80302394
68010550
43811604
28216953
38450610
90777697
85227721
49145970
89615049
80209410
26118241
22939819
30794665
51144350
78886327
70609941
28583045
89637724
74947029
24769821
46293125
37645272
82621749
73436863
91695098
64911472
51989245
26271983
87511193
70332434
57103163
65722508
59404600
29289787
11210651
13875698
13219439
24810226
25133411
75889234
92162267
23905061
86121082
72162874
19603959
71645257
79397463
75319556
41632185
96858547
12346319
79658371
67361479
98479532
62063061
64895692
29181036
72357612
50801963
50890418
11614706
91797740
67414044
12894661
56781396
15330413
69006851
80874001
43525247
96798072
21842595
83726129
80020401
20889140
85875222
22600605
37578104
17881494
39985038
76677952
30946552
48066099
90315893
47032059
54796700
53676206
75945015
75923407
72832414
79257586
95828625
20396511
29256306
45325901
81280699
68813164
85413231
41786931
21698518
42725198
85936648
62503561
88917295
68993324
38512281
76868750
47706865
88496744
63784559
76961792
87009768
87921033
94126278
75703277
95593581
82923864
43559782
64569107
87086122
12926904
43171505
88142147
11147712
66317351
72812858
68552389
42229569
29550845
57712916
62381814
14382008
79328718
74552429
64820406
96479224
44430611
41982814
49012973
54416078
27656699
69977425
79461565
83908728
41865442
78358931
85690851
83126720
18692815
28461624
89829919
56873991
32844656
98326776
23611946
62686200
81982600
33186520
21733138
20435289
71223576
31393912
60226333
10591290
49710112
25020881
49287418
86479293
69024868
45295395
24703013
58531971
46250192
97830095
67752598
70786242
52248238
43195078
89466280
34368100
57406191
94984720
24412429
97340151
37807070
68891812
65114686
45719212
47995234
87994120
40880396
35208890
35526463
47331086
76318527
69301339
57163844
98944645
69546227
84069316
32170797
72484238
15756123
23287666
32509811
67808271
49127703
13029924
17239388
10587697
78647495
54053019
20607472
36472172
34551417
81163736
86246694
49618539
41985647
19816720
72035094
83377984
38370472
13186256
76880174
79695679
78734581
13580159
38345046
23278486
88185291
88120521
22650457
93685916
48568849
53550112
17449248
35249670
34750243
28734300
66946873
65676301
75644868
23765106
73171269
96711926
25710017
95650944
31737145
50719207
93054108
88429879
14210750
15574488
64396645
43495653
82019508
48109099
43351362
46689714
22587158
72898336
28510723
68585551
99428857
25756936
15474490
11282756
75224215
62513254
90324268
61837899
78724984
40880449
35465672
84180567
30326990
45553003
16040844
26656498
67786029
94769884
11407985
97277860
34515738
35441149
52355041
24214892
94736191
17186534
21952843
12988800
81182953
72036742
46332708
40167588
91321601
28393854
66752576
96821889
74241105
94032043
17200075
17908669
16774970
35103578
41035669
92248713
35258578
39123355
77804157
57854219
66282572
63498178
85584993
16099260
68724455
25392776
55646260
91185024
37384431
93500868
90492362
23202525
20707789
56796201
86731468
27246380
83339969
29731445
83667940
45963505
64709888
34411263
90603617
91161489
10485548
98759270
92334699
58730762
90397621
34642680
91907759
79731211
90683329
91139068
28600830
54338900
26133651
44281353
67186158
62365934
21290037
13735466
28834190
41276443
50099626
96647748
97667383
19513390
22012701
41476336
89699951
64582571
10592185
36678733
45309997
85133598
98492615
42286983
90849663
74411665
29226029
13454547
42533769
60717818
39781063
70886308
89668821
45668688
86080161
18496238
44768236
38750413
91259843
45740312
37714969
58219047
21276836
28175107
21554927
58820218
15841814
75201976
56135684
17548046
57251457
93280259
79493952
16375867
30698701
38684374
96959049
58109093
52556943
87233618
26314701
33922918
67872292
81488748
31344059
67032466
28134374
71158559
94957635
51956852
50091935
84488131
16033599
13164346
40616070
70056216
79043186
60629650
45475224
73815559
75472905
97821170
26202006
80816230
74235777
17924037
67337351
80930380
16623074
67014733
45848943
74250531
63120891
41718304
72733019
77965986
65952354
24390313
39472589
98938620
78005376
61166894
34045015
65782828
25196310
45862387
62809861
89982158
23675439
57749291
54679608
32916767
92341315
98052051
83669472
30473308
10241576
94394980
42389385
81679936
90819559
18072154
76929492
13538424
81236861
45464389
42678551
67730270
26740859
48966966
12729840
17823091
45745816
53172064
59095737
29685064
77044159
61389527
15810454
80413912
30254878
34958370
94925887
67384163
50767425
20046609
65454537
62269177
27198343
82552880
11031894
33289571
77637355
19064443
98844256
49391977
35384683
25567360
33794232
51786809
59561920
39544517
82601780
45617552
84450304
74580290
15595465
40690453
46187388
29000792
39623499
43748536
34693107
59946464
20810070
30511608
86188686
87835178
24556689
38485123
98463070
29832703
15774961
22212705
44889366
28299367
86103360
24944972
66369731
45394759
68956071
44215940
40348975
11889086
19753256
27963073
46268614
76264366
53167977
36216964
29007820
28631649
53526311
30674337
48739263
80107318
59068907
32974199
36511235
35307208
76269944
18707397
77199659
41065543
39614684
91842660
24856625
55657898
23835272
67039273
49320281
63176589
43392412
68793701
76534921
39605839
11826954
56859775
53106388
40620157
18918300
33068597
93453535
17987023
35982768
54819840
24561916
39112865
12529134
48287029
89008363
40887063
42645372
40176955
89973661
47733537
78799306
73670864
24610856
11543235
68554737
18207230
14707780
98383866
99903684
85252007
33796337
12464657
67692034
21416647
32917154
66978132
34283332
21719519
40449752
98578072
11254146
51370616
93236340
27907827
53566094
88912433
56178884
92163298
95448572
62465646
33609930
31311362
11511517
31261202
11990070
57738575
65300850
95105701
74290153
30914986
76461878
45013673
56414958
70833962
15226700
74735100
80262006
98223908
21243741
14496950
22746319
15046992
29165019
14297045
33038678
70607627
32276644
24541044
44040452
58189224
81460738
15733559
19029736
45799165
13283159
64856316
81342454
73524028
43257044
42366997
60825361
21569174
56461050
18238434
34894591
67167695
60822632
84407452
61399707
27052763
98688383
13752973
67314448
90288429
26045883
55881417
71491436
58975857
43152752
18820271
44104677
42916743
84026452
88089799
70270551
30518377
86783486
82348066
85465432
80007783
97103250
98532458
56149198
44070706
40954642
58012354
12043424
14345486
79728291
59450804
59568930
61187131
86837038
39491177
38561314
64005470
49354032
96362397
87857912
13302240
35152391
49973797
57201997
64178651
14888233
77893386
48775780
87491446
44057689
67699462
61270363
30329439
66328034
40238471
37230847
55419531
84229971
31485547
10733887
79322981
27662559
56505201
67279434
59356106
81348634
85438738
14861129
63272187
66182451
12259401
88389040
62907136
66532803
28513286
54798098
87752999
48456816
45714951
42461236
52794118
84568941
66051226
67569367
89844654
33923072
54943117
22547376
14111937
34393357
57832316
64359772
39495477
94811718
19836141
94113737
92651357
60596114
78525168
47811370
36372821
72065202
53875781
54714759
99307778
76192950
18268413
92193625
50771123
27485474
29014344
67235752
91757450
71018070
68997238
86530126
40388291
15824872
75583055
40801211
83526572
25869020
65275842
47572823
67687354
14885256
82615093
78949831
13569301
27227223
87239537
51606420
47826099
30467945
20865160
75773034
92800794
71654901
47014251
80799170
21536849
63096696
15588136
35664827
23787568
30662349
61490217
79837221
73251544
21478566
24617384
73582422
92340328
77622778
47860392
60667592
91092700
31149234
47684625
72541500
31741831
57153207
64872912
11237019
51308419
73765329
71380201
80399719
96942837
90519242
43880878
19310917
44152642
13240761
40536880
93181679
77487067
15776026
84346547
68199831
16496814
76638191
76420744
87458718
51745333
95373198
16535765
80225650
22355163
12196680
93425875
20247369
75273989
84532136
36954592
40862296
60793123
46413780
42947375
37982925
67393010
93955281
69197973
83843442
79510683
23861028
77676848
70854189
48404959
11036424
26110701
72336195
89258956
24247368
14423020
91280700
78576343
10990800
60700824
19940588
88895383
27348050
22848110
11303600
20329693
26267486
32904281
73185898
63342711
29061093
12815156
29340556
36527653
43464802
95308591
49903584
80832807
55686619
15168620
32985934
28614091
25027539
28985011
26699606
53584245
39243419
19162276
57746701
49137371
43584420
57188284
65477407
67686707
34417125
88389817
88334570
21101494
89631294
63582703
73393544
88424194
46972517
54418075
26463920
97678753
77502560
94370931
53576905
23692024
91114965
36685937
23412552
50965329
76970261
58768007
74417659
97475366
39014621
22511716
94027321
93960889
91532765
80453371
50802967
91503290
63343754
76155668
36597141
64753995
68589895
34525429
39034698
42552006
98691870
50278288
72226677
22168583
96110824
84369976
94416560
64508888
89793722
50436941
34989817
79791032
12513596
38148264
34988431
55288114
45060196
19750958
75465981
25468326
74329502
74609048
21447530
64750952
46107058
97439043
96334736
31712613
35635397
40338939
17067036
24186191
16303594
74459441
78914958
23410035
48411782
77886820
78635158
59131360
46323029
67313699
38402233
69332493
66140652
18050249
75465602
25457566
19283785
47141210
97257198
58921538
25493832
26590032
72490450
38775206
49998865
76754557
32015149
92400409
97059720
28331861
71821964
41846248
81344928
44342895
67898202
77496506
96577312
63064604
72295070
19034280
88671415
78770753
69178358
28905197
97063085
37409266
59065266
31804087
11066342
45199839
73297622
50379463
27017067
80932284
88544529
77258963
54458090
87984065
67385642
58816004
45133633
91614021
78308795
55342225
20425945
44191593
67083525
39002536
20804122
90153787
91854094
41582731
16768094
26150239
59430586
44044396
73661278
83337869
76253604
35982362
38877419
92108142
88326592
12730719
60663470
49209693
17841129
86477193
32569107
88437344
21630692
78024262
28371116
52705348
32973005
11454553
10470541
12875172
71677114
11329123
87387420
28141125
82470066
83270806
56510942
29983520
86103728
46122705
49801452
14720477
96667276
83340336
10516621
15608158
87544948
36556442
11199208
43931681
32419114
69385734
76813327
48427053
31108379
94832177
43745236
50922999
99585436
20972740
58503877
23584521
74294353
89331481
52160344
52278650
86210738
44537331
41168729
44354588
87419338
83374074
67399359
86135553
12657290
59429828
62475975
93831418
52122655
99053810
10116601
92325090
34020952
51756346
34404207
67792447
91550799
27906288
58969838
72241559
62621992
47361864
69444498
76354268
90867388
71923739
43572021
70477736
33336616
36459774
18154990
57145524
71817832
89631071
56780644
25366805
40439911
24691100
68267408
70973514
92257431
14920172
31043846
50444395
22050042
54832783
61678408
19924508
76849337
60630950
48284751
67092733
16041382
34744027
17060522
58678375
15858601
77169310
60185930
27580167
11253360
33563332
26815701
88180055
58371603
95687251
78656007
11383354
26911592
99059379
15365026
42701090
56918857
99055856
36388908
59566777
79541195
92704974
89472737
54801262
62718116
67057605
27799852
66555956
48043740
11347720
23713648
89210474
81607122
20374762
89026783
21443718
19483521
65826973
25071614
83980921
92243539
93180715
12255460
94620917
69245651
66835862
89698233
86224768
86004663
99110932
32000154
41577503
37104780
83821649
28323467
56497214
94439263
97560555
91429320
54413661
31921029
86073542
54945420
74526273
65344191
43524960
82195083
32500840
41861707
87000648
50072131
69899489
51920146
35431150
80705236
83985364
73678013
43928853
72079530
19916506
63722086
84953039
48355660
57914767
39251777
69638280
36125881
35096400
81550123
58358709
83724141
78286374
19112110
19780553
85139104
16226318
62244761
16897066
13858994
50508245
93292820
20945660
32967533
26489530
36108984
45348352
31475325
38674401
85523995
61869949
38023578
50719148
29170698
25598332
83276947
41250439
12706972
68824541
24724643
50671930
30489867
84863049
67459716
22656843
65452141
49620446
99128353
54611997
34719617
88018796
48102140
97214885
15157041
69781496
99045102
22223642
55015085
66806026
22431117
27424247
89299532
29931966
66126966
56852046
35328119
30214453
89966900
51001517
75891368
65681149
18973466
33854807
60802499
73691400
18460196
87369048
43914013
29248939
56711216
23390880
79549078
17808163
75916945
41650620
47806991
25775457
66439861
44831034
99422508
56957391
57534651
46617290
45354156
20436380
70772882
92896091
95625158
84933704
26944116
18964449
23183872
15846541
47881964
83039719
84069460
13590048
87471091
66089565
89903461
32127522
54231835
23092015
57446048
37183883
52844213
39063515
55932921
52051135
39130427
61639799
15539548
71268347
64326040
39567339
98580553
56050927
10543964
55163422
75406423
16829939
27730844
31913365
60972423
34555774
16234169
94609843
33841810
54249343
69288949
45057535
15133846
55806107
87061300
96586420
63514689
75538770
87035880
79067419
93170847
19079846
13730302
95116735
74916610
97675555
56176964
18606408
51221032
97256481
34498245
18190598
21570611
34473273
94738367
12865236
16955502
61362566
76344757
78390432
55590589
60741645
85753245
66059607
42586320
43206120
12529777
81009448
32942819
28896416
70597228
40472042
39260525
77486593
36913683
94427170
66650365
22262167
89095882
49747557
46573986
60743365
84286410
67010730
49991563
15430913
62659257
11791798
25621529
99196221
32359372
12500031
44120604
54114992
76108133
18439122
54012013
86012554
44169013
97681668
17062552
14608020
83784382
83412879
49542551
10655754
63652824
54895095
55920428
63065457
22791185
98668396
35013783
44521993
79232406
90320756
79099815
78097199
84916255
48362140
21212799
11891537
91610618
56668396
18203786
22807173
95358654
24614975
86660039
88860435
33510106
51100784
38814800
31305252
30134531
72197143
34333743
36524452
77994310
33287363
61336329
59231322
57186579
30105482
23066199
38133109
71131013
68369864
23234628
40582868
43320978
46507589
61186356
28118692
27987497
24388398
38433435
72848474
17960260
39524557
12554710
91100899
48136546
43873977
30409781
80248456
58321735
91813972
26044445
13395441
37497876
12674118
34787291
97440053
31462121
56827375
87319287
36572163
48580675
30632909
10202481
52668269
92225694
47373839
68931925
80545028
24931043
27819795
30939959
36975758
55864012
10616882
25305672
24233282
73932419
10509401
84670536
30913234
69541714
15849138
30421546
71058952
44444674
72898068
70668197
70781906
26472573
38070330
81245179
95504505
39455353
47152279
10861048
96855625
39308839
39309897
17092865
16692261
21336023
93443401
66002011
17037187
12123318
93150735
85473816
76156553
12520170
42219126
50692498
74383632
83474051
72810552
56716403
86049721
20720331
86045055
37278081
78635045
73387037
60918704
21614073
45091608
26235779
81745312
65017154
38393825
62344552
82079831
55327788
83847149
46884807
23318590
16082129
90155882
78352385
75646450
12529530
53433079
64097241
56065863
49515038
62738617
55965788
88319156
51616123
81381767
54166423
47255609
94429776
42955789
67219157
14110948
46231320
35725745
40844311
51459257
72779700
87292116
29218613
71902016
30455205
44387915
36018097
98846461
30995027
53804342
50590339
67039911
94699350
97014316
47589715
71620154
34623861
54068504
29342185
27659225
48904940
19058693
34845376
63831585
57936205
92035675
54332864
81973215
23329001
67839009
96437957
58863443
56460381
72724062
29458085
40211404
76983422
79399560
29770590
96706365
12158819
63763141
84509061
79680116
62251775
43790619
26114897
30291478
77906320
43123816
78199609
28332036
23880575
77938476
53756349
50439074
35544800
80620180
13574818
90235125
16300327
75751951
21897701
99643144
53575555
36187504
25022157
88945967
47893515
31072606
81135876
36353778
68605052
99497274
52178150
61603873
85020522
38740629
26550773
98725974
67030315
85281496
87049578
93366283
30517784
39413693
89967666
55366804
47773268
14630714
92825029
18430835
68234868
75935331
11389102
58088319
45038797
90154119
79545169
41660311
45885873
82614270
95005247
92727985
88622646
27646080
50854623
36594774
93897672
43008309
85327932
57042283
61745486
72418111
45950285
81531872
79788798
23304676
24010309
11187824
63332620
65991965
50533622
95846686
69734051
49331505
18101215
40588600
37042322
39316333
51889983
65385624
38105663
95647498
84933917
11445254
94636973
16709233
87975207
57540705
89962440
88373263
74332757
65734478
31523263
18551333
76266261
88963164
33962601
98233851
76002660
94420534
50587591
74545479
75596565
40670510
91166214
23216047
46504525
54734751
57544456
30264855
33259570
64267182
93744527
22175252
50985871
12183295
46123051
57071872
58178847
76070975
41835896
19242113
50602157
32905062
35248770
34949590
21111779
93502710
22156125
82667841
89150830
54054658
60651781
92774857
77244409
35480890
66033962
40449837
10415154
73676291
17069139
54737034
89339357
89150351
99537847
95170758
96108858
62307041
13939269
77445154
82527079
79443973
58658614
47343390
26488409
70572857
58817235
98359402
82752405
65558244
67478780
23136512
54573186
74174298
56559702
53300116
71524665
54826308
13940506
90506108
81234248
79339574
39137080
83328860
48008026
64827455
26008527
93015236
85163454
13160645
75538206
63983724
84488369
90667699
51922562
60242663
29921214
27652252
19487074
91485624
10802995
70912390
35154461
54298931
99782507
38470497
20036345
55932142
36605317
91655246
61852226
35105651
54905450
97878499
28984539
42746307
57926945
58939860
85082178
86235886
39607286
82999637
72597680
83139288
28937794
98921845
64113439
22496994
84682069
91456964
34775314
80792653
21488746
28666643
74341867
96276518
34156472
78104377
86153889
36677719
26252426
64587304
72932623
26209348
27331507
23912721
35917174
91154991
32002727
47436585
22098986
11737454
72303051
25487898
88309208
13721405
66692318
75466092
71905665
34441316
84936462
55209775
58050941
62675272
66546450
56883914
43427734
51893975
47009456
89837452
48124842
81370534
82066110
61962745
74398465
99220446
15024955
33007872
58279393
27011403
32171825
40261534
60660855
26049383
40979687
87707905
56933593
96443000
56174513
37988485
17017875
68915261
81130952
52249485
24609857
65036899
55386220
34332018
35784582
92737068
11143368
57075058
11033258
92337170
81598260
40700017
16066913
72306308
94689971
89480963
54006385
56326356
57801338
79545988
57112618
90775306
14438957
18818719
15916409
57244068
66904826
41144780
62343323
24032403
59880863
97907608
29923562
32187880
22806157
93408910
40114663
35796772
21147115
74115527
97427770
93078040
73789155
34551215
36181375
35849217
33308526
56708064
87418571
34847251
67749836
69595150
72832204
12152951
68542737
72519759
42653054
91658108
80952792
49962818
34889497
38613303
73948113
56558992
62039820
41199630
10826682
34483454
45218507
77601503
43512357
98527786
38479574
11338282
41694062
32668890
48412207
56378402
29589604
67064512
45586444
67479485
64508408
17355551
52689032
93748576
67327387
32467163
40734505
18256901
11110055
23275178
41962678
32718109
96549284
34063634
42727364
61968488
96877678
97226001
87423241
54922737
97920845
30838498
77902308
66501207
34887819
78291969
90213523
58823645
82384611
97539127
13190619
78573322
88224419
57385615
56073127
82224947
50375050
99474900
91844294
62979769
88959043
12499205
16368262
48367153
28993292
81694961
84951914
24039504
54167334
57682199
11007409
93370710
97107798
25104825
19692026
10563014
48832086
13966997
44065786
63291784
10015629
45858865
77943554
99059132
37118483
66923329
61819582
39932372
19930722
65863400
61474722
94960270
16556543
59211314
82921797
53163453
82290261
13225738
77195232
96212668
25993603
51484145
18410927
54497013
60467920
16783795
26039864
45300851
40174194
32946427
88296866
35486941
58897554
81389707
48895054
46785740
82669612
62084717
20676650
38848054
49179235
84166165
97274077
12182012
73255521
20935774
43871354
30780569
27257356
76482004
34991398
62586672
77145210
83278381
92757222
56474605
54122801
24717192
50883891
64585873
53422448
75258621
49002582
90170441
20717369
48392347
41130886
12864906
93301894
22095329
89603608
66911919
33896240
82675540
14078594
96890659
50945313
65278812
52464116
42205230
10317112
67076575
71586829
56914491
97887823
66437534
85124430
55319660
46336243
83792465
59479585
84808414
34743162
57395792
45179976
55975249
51379986
29644777
55072603
47634663
94406681
73663190
78416474
26605876
96120465
57882315
65169887
66614166
72391230
41062846
46775309
22420930
16287532
41079819
90302565
39490610
34067795
35258666
44596353
73600485
76021809
15508803
81416613
11367509
14958602
36412317
88605403
63062267
26678798
74320242
88920067
16572697
76036227
30276757
39219448
33136507
93210342
71057674
83060816
39022162
39039768
14594238
86824840
14502461
57110364
81770330
37046313
88746613
27401988
39988764
75327664
64971059
14416656
48209059
69003030
16642005
76265004
24987636
46304141
61077286
64858725
10581043
37107879
22198668
37516290
22025559
69902305
28973723
80203707
10021679
11021500
89937343
76793621
62208769
70191038
82576526
96851671
79511553
24563034
26776382
52778892
77028633
84644022
37736431
28070298
26493273
77978923
58188955
94466323
34586869
37885039
95079981
37216051
49047640
10751281
77003833
74872013
77228134
68622355
91183852
90639978
35734997
34466297
79868953
25128767
65346965
15608605
71511283
10988419
89942922
35397614
54713304
94506481
26472459
16824821
71305899
30508887
77687809
66474967
13940979
72224438
78896889
65999396
54488863
61504585
37435440
46334314
82722216
29806558
84600019
30666282
54850279
51276576
54524073
13432193
61589511
79243861
89394180
16799134
93616234
96737715
62654885
44489134
44007237
80501569
61604666
66813853
22941659
13351742
55710192
14939786
22233745
71077139
53760754
15141801
37303135
74573067
41742245
47409429
56189269
92149553
25611684
44194984
41365050
42268926
59609666
92373284
96557290
90673429
90379552
75566669
82668748
38142742
48507168
79763458
82519759
98553119
46657854
92404372
51743323
47295333
51853273
57232589
63352803
18235304
71873738
52839731
75217530
37550801
28253793
33395183
95543648
52155138
90887290
62786097
47686017
22993285
28332553
69765368
96614068
62422637
53987068
50725834
61213974
74798708
54800612
90545580
36415588
61906914
78590906
41306656
28788800
50617470
31952892
90752120
57649205
95777971
33745782
30242821
89543867
49620551
16874086
75223217
32525915
60214951
76093641
69277389
40213578
26967607
80114509
91961544
91673441
67579640
97224893
43409828
50676845
92882748
84026656
77094553
51549085
84034852
93025152
74281270
77844396
90610081
88026622
81966459
15523220
86937388
41390390
93109207
60912932
93286664
11216996
31542427
90611922
39222813
51754648
55578741
55832291
64323962
32887654
88041007
35222628
71281024
78181280
86923275
29008796
63885418
71820581
21837822
55534590
71536214
77402285
78530187
60105848
14290230
26319297
93621561
73454814
17838279
67164207
58569857
96550651
48601585
39774866
84671984
42662955
96761282
62997109
95651168
19373424
89108219
22733092
28323893
29056827
77569959
65885942
42129776
25968670
15447960
28677408
86736795
61388271
87219620
92800649
43769484
58622165
97891530
50030394
93086257
24872725
71405106
28866039
99530520
11824921
47846683
79928792
20281921
76677750
29358875
84422191
19381265
33685736
74844916
40794339
62917392
70616977
75331516
87689365
77486438
17931547
62016724
20505477
21749734
20296555
67114440
25073240
30517592
86393614
58343656
66220797
51621871
80665801
70607734
59928027
27649822
25166867
37005241
56472748
16965650
40977268
12112614
91674478
49851290
99426435
36145703
24990810
92040449
95615220
85683376
45761149
39349011
74369785
78474549
98774861
44577716
96480320
59273225
94192806
81457206
61459694
25417934
73122209
46423219
72837323
70338017
50257314
10773747
38971114
70200914
97803084
61491910
54029628
94604719
62564461
47320291
51581594
29734052
28637240
12538367
20424956
43475970
49015965
20037014
48176821
37137727
46089987
44568433
99794530
16191114
48018133
35963466
94051004
33930745
20835054
63787427
12228689
14464422
87269040
84644414
97367212
57260848
90263448
26075690
35131425
84782207
96076341
79873803
74928175
17324985
13780187
89141460
32801049
18629211
65360486
69197541
84476671
13539997
77180650
54699386
95433330
68830977
21653103
55865635
97323118
74369304
24732342
40557742
27909784
21296840
66117131
41266297
87029437
67130453
23407206
60662978
60093702
70418721
53733495
71073209
10315228
67183269
29284113
55948685
46025105
43775706
59926508
57945701
15207443
50291960
38511654
53996648
92968573
82815515
16264820
49713049
12618388
72601330
22987748
47573661
18945357
38250595
45895759
21603733
10631185
22004107
15770413
89554030
70299551
88280507
42349560
26464720
10461115
72283529
49803026
70723995
93200786
29630261
24100277
14711132
72003787
38125895
13661856
76345042
37416188
79457127
89652345
56064178
14425213
42531531
24542488
77765191
37116151
45906165
12396929
71347571
91608007
36409057
33088458
96266118
94591952
25995613
76336207
52603716
77187722
81446947
76673092
29224193
61613153
84756970
71705463
41833306
44124771
11060529
77582665
34014454
74712341
47675510
19689343
65220619
75315538
41441430
36524441
76688072
25500068
19924375
92720865
59255320
43196900
37654632
35660197
79445091
84653791
38043041
67052012
99206441
11647179
61293367
89981693
68565638
54629818
86378217
80021973
57609890
32073358
14836429
68339431
81040017
50727077
39570639
96078965
24926682
33874762
72978138
17434198
84794195
79148709
16073413
37228016
40602840
25756342
75924595
80197452
41347568
25672699
97614241
22214682
57820717
61063236
87194581
32909598
86964367
91898046
47688891
86188114
59669311
27478942
45364762
87195567
84733490
61067824
43485125
50899382
66739425
12709899
51921000
91369627
31567707
85314631
62744204
40511816
84626843
22657801
16525331
88432770
46824872
32971479
75706818
70918752
41291637
67979000
29722769
13790818
85959069
80785403
66173715
96713278
71699857
43804444
27645606
45004673
44566320
55749268
97296199
96623293
31893240
58139499
60052722
22524833
32431581
12561507
45231597
26561873
55372107
55245892
58054079
79970098
36117816
21122804
45393599
81217485
23604635
27913433
19982453
52964961
14479129
88405777
97673848
29830353
25491724
39716351
60990620
98130700
92701331
99315756
51079526
57471860
88892720
96694459
11234623
13865897
79776603
32606466
41289866
12761902
98993842
36627350
64605218
65630227
90526256
29968698
80589060
58793895
62096153
12059934
70554120
95753935
53056616
24168157
59929163
65638183
74856230
55296634
39410451
67850157
44734557
27608872
50965978
14222774
62502447
78263987
40757043
45518255
40094315
68610604
54154623
89314396
85534010
13219935
10446241
74679778
63362898
38766001
68390254
86920328
41505586
94843554
97062209
36391094
52808933
66242157
84562305
16354040
22069421
18744560
91038849
77290195
30523149
54423572
80043886
90070250
61739549
39302401
69845078
43786144
11163001
54901708
82705897
77613761
65449338
15600298
56033651
11379454
28335517
95825978
55947168
58312610
98663787
67846217
40852324
39890545
93007582
87081337
23601982
37828072
76650165
71181924
39443326
49460270
85026259
59047491
16501659
59355937
39329427
64312369
12061312
44420546
93757330
85447661
14132946
21880507
84041250
55548186
38458033
27193581
57690590
23553887
78012646
83720152
94548210
86385387
92862387
84441560
42017835
10586265
15794015
52181724
81502307
93411095
82770051
41991750
25333618
16367484
77703426
44560636
65006266
63121058
17261900
52041128
44581337
80433566
24618886
55371668
52600175
17079159
31719045
68795671
85067987
64795864
75961678
68303280
32958229
57868684
48400826
24729070
85018727
56943197
27369623
89140529
45888335
11165048
30912568
85307768
56711866
23659343
54557738
63180902
43204319
98133150
91092682
57746094
87900028
41335749
36768337
29251278
92969403
79750509
14275890
61672261
14761139
57199975
90907822
41804130
56124500
61450814
76041502
33189155
81119028
51036730
96279430
81237499
77314789
90151594
53739978
24794551
29440652
86336401
52175716
54398505
84680762
16856705
64005570
43190982
78130642
18067459
39105170
22182223
63084440
62993191
22358858
89273572
28835171
26149291
28414266
68684284
54822770
27508577
47300276
41733133
67768226
59661398
56226121
11669940
63826503
61221350
62466229
28269856
21078952
72076283
51909634
73113437
30976221
65594455
28730381
62117763
67278506
68741325
92063897
90035082
10912566
35891012
76700135
55046747
10110514
97867262
87211442
36237220
19351525
38095693
36376856
22703400
96139455
79573221
47812048
82275595
56746317
93220294
36626244
59377191
87853301
87646761
44143459
10197121
47523639
67966650
75124296
91174541
94370661
96596992
88522825
62655464
60039087
15441233
69734535
96401472
45003611
60018999
64382080
71833834
33822439
51271474
67475937
65029710
97448892
19531604
42429636
10233376
19686711
66814947
28233612
37381707
24232211
31901581
93846360
95240668
63648931
14967531
41294852
50279849
85135906
24790227
53081182
34163616
43642867
93472036
15218224
53177426
12777193
50031796
96999388
35636709
16237079
14295874
77194853
27868801
94111298
53807573
48187622
87324173
92630458
66309574
17313796
53781243
16937393
59388430
78859827
89953108
24285067
10157023
75928100
86685493
46292331
77771289
81665699
59970679
27178965
99609448
66813482
61605140
94936152
18973113
28220415
29638348
24031827
15176840
75433411
98072718
28693804
91065449
60711766
43797208
45250479
61152343
71007740
86600667
46219242
33558984
45642896
89791768
10995683
82696365
10554906
79700588
23857786
11827551
15797572
30069435
51012349
97337048
11623866
36660301
37549234
74312164
85824331
70288814
76901190
97089354
86129075
44336236
46106078
90464979
30246528
53277890
55636598
84073419
86528220
50873124
36948636
66284890
79860376
84978927
13207107
52886956
14750415
25104255
27362881
38235947
99369608
26482659
54844949
23209333
27292436
36063445
48418375
85848029
32524695
45154677
14994594
64769939
47199411
47561505
56967767
85804540
41699654
22373512
98944229
61975466
17070272
36632904
61456844
73200296
26112595
11842794
11249783
64564523
26160846
77029895
30059157
31146690
68764370
58234395
61141238
78941624
78282835
60975627
30396660
66688839
86929240
19125086
46414021
49633674
28883670
35107247
58380411
27519662
47549587
59405700
68061434
12355031
52333286
80564256
67084859
48866895
26494775
38977197
47720423
95728728
78122957
60547909
34162675
12500738
40279852
54658600
26680551
70931980
54173812
45171844
75543549
58142812
44165236
33967460
12719497
47018848
33248523
63430828
62675923
45007317
37202640
69036203
10994389
91912303
62753242
52443306
89472217
85515307
43360337
80421866
40866967
24529890
75988536
34044183
96689779
44286408
37273640
27880975
74715615
22290545
16322597
50662704
16707036
22430260
64231627
29553661
15710912
57861983
38368360
23928371
75299694
45695768
77479871
92509766
34947877
66227396
52580633
64493359
49743136
18854433
72405654
90666744
95719176
92036457
96235388
78754226
39465409
82610351
51932117
18486618
97876812
79343938
17525286
79201285
54896921
21069114
41754798
26716673
29142365
13306271
30574312
65916466
40340769
36227357
10018674
74840053
94965791
22240861
97059246
77401381
91321566
24327718
45584328
41072263
92398242
26164393
37523315
73123900
13738466
66788196
40019158
95693593
14961071
88796269
88748381
92434360
75628866
51727340
54239212
25948531
70404590
22065881
38125248
26169096
68522057
77835198
50717175
53083357
66312470
99619776
48349083
37584572
65526300
59956819
87590892
26369586
64136332
89704771
37411205
18876713
68094218
73001030
85574370
35410579
49814316
84191662
61580002
98438825
41379168
23803604
41863272
62253455
14643471
90938098
84432664
39397938
40822950
34746385
49921476
97905203
48841285
82475321
12416785
43140431
30327318
88904065
20777608
78798291
25882624
61834169
11461774
27274049
71063278
31317636
95391632
58226992
34452748
64708890
21276508
97615029
90865279
32585237
47067507
36373384
90351869
50195711
45938142
50542140
53140669
13085476
63326593
97178525
79671242
32390065
62223864
56939649
82372687
33110564
78728371
43955169
28991663
88673783
40173438
25751098
53812620
38183726
34603827
88497274
58791323
88759732
78394840
76121333
26399905
20380290
82195293
41874607
84398743
26190938
45798556
90242309
36332502
89299492
21704103
84565662
76426536
44541838
88594886
62734117
48059549
28568981
31672181
10476254
45690384
89656126
16933867
44306987
85445357
38673532
37338221
53846688
73444177
45485050
40219586
38123696
97281385
51676474
26891150
16682347
83960739
73328290
54054036
43873992
33024630
56621542
86143540
80773922
67727599
13948397
43465444
92816300
17123535
77057310
64272595
80929553
60847137
28449865
62314013
43304623
63630125
70650524
15164794
76767758
81668761
36431742
52376303
89831963
38215078
54649097
64321872
37050485
61934537
49100428
28128515
51373439
87226012
43662522
32412547
42586982
48472654
41200023
36180085
95743801
97122222
28276088
44213018
77190508
27962022
42634426
19469327
60185272
64678569
24823783
91479688
24580717
46643979
82827187
92599882
45490347
67935807
73613142
73230377
22821427
80649336
46721943
53968106
44366501
40680108
25358602
81062415
72854164
16227130
88015379
45830004
71721799
26687785
65007449
72546883
46502422
14892539
49081456
30216439
34244677
81180570
15946050
24312815
17198061
63856027
57260273
88115711
16289786
74138509
30037382
36979553
40185194
34107142
22003581
99738273
42580162
94559253
74185792
96574788
82690588
75682773
63452083
13622706
56515108
26920505
97963330
67956650
91993182
37643149
13411657
46382744
28913503
34255142
28218143
31228430
41932129
12412316
82232131
29730216
55968365
49419969
21810852
85896758
88656252
68511985
37749426
70982309
39000531
25522776
86061576
95585797
32505406
17512440
89650486
33756517
35426321
84722987
35006384
88144874
26452784
77739510
66476580
82244677
48222626
45421487
50001912
31612089
87673622
48441436
89846724
32012876
28274884
61454103
70689391
49807393
84180624
12720709
25819393
31583157
40300197
54837032
76093500
94631843
87812442
94957758
21593704
30437648
73045939
58450496
11589124
90435189
19426540
90005951
54006039
81819932
37206153
99459321
39245800
40761683
12427664
80105150
30131770
46006484
73416666
60501744
29624738
23089084
18019225
34403059
51013492
70078075
31123019
28034797
41053244
52119543
73523038
34369953
68489218
37097357
59948611
90387122
28741142
98195059
99038197
19187139
64818139
17720676
23816705
63950681
35444787
66578955
13657375
63777212
69083274
14628740
41961979
48504671
12999557
56446760
61062841
75526175
58820458
62634211
76270556
96956265
82754348
39934383
16938517
88626887
23326558
57147073
16979054
83668961
20514432
50800625
92346049
85311387
27941329
82773172
89409641
90673274
16045177
83238481
62398108
37667018
16971570
50895306
80542521
37441454
55194365
14408602
22474308
79824868
82673831
83632055
93920716
17944472
45139803
86968670
16367815
76854178
54004591
52998716
70963742
29831576
44868670
84069306
91313839
89417239
64133027
92721422
22841090
46367179
91075614
53274484
68598018
56515687
32922769
47027251
32871844
54952004
20982579
14856153
58901663
60892806
13620909
78327537
30799385
43827991
27706600
53733179
83123489
78516720
20834839
29559717
45567954
58814791
57632294
61621069
41971708
60667844
58146613
15604445
87039726
86772344
83479459
73811217
86407726
59917905
47550925
91392829
47096830
18623216
18011778
44206515
89471467
46135869
15650663
36418869
17041834
63336619
38631816
63381395
57853651
12779389
14831138
91748545
89699878
14365286
94783349
97904645
20431256
25969717
70609009
79169845
89339980
15924313
31995157
58211037
64662584
27132377
42182930
12834128
50236986
27062750
63766514
80717721
17386478
84503171
84100283
51666160
23801149
18713406
85795813
14249076
55867727
63133959
49648877
47645608
69487968
52530466
61985145
92766507
41902362
76904314
67686460
13609147
37686492
24633786
41160217
34330145
65973213
44545247
46998023
40531580
12821218
10417330
51207582
53939921
18315586
94485210
91868940
54840722
62914973
20203491
18193094
24807820
44517181
99760391
32426307
18911480
13835926
54872191
39264730
15841732
31087560
74514106
88710450
10350422
77596339
29083276
96518618
94818918
38511015
22317276
70016535
24991871
62945816
53518866
58532879
73908641
64985734
14297915
61636277
84241857
98886017
95472534
59373385
92581582
62059115
10408080
76622588
46932096
43989469
15991781
89477782
84730475
38446859
26903790
82409055
49863514
54190589
82114378
57030838
59832457
34633535
79840695
10228317
94871014
38174020
83854947
74527407
50398408
96849612
32693735
58081860
17322287
60995558
63893424
66102627
67962228
39777343
96368814
84430425
82199260
70697928
99070602
40949506
85959257
29768597
43371713
58576575
82703041
28152363
63467730
95091960
89884084
88056269
83829634
86513168
13027253
69598570
29834298
56934651
79322553
63068342
61820097
83959409
41002424
98895430
79975809
44887105
55476025
98618653
54529899
52597190
87174023
98500735
53697359
21802890
30899197
51445861
22015109
75583865
52250972
78528205
32174414
26724639
96282480
36143130
75882912
61280969
30197585
74283831
47517926
75364356
79604586
72161697
24644012
72161141
20149113
17185697
76503520
81457544
46626513
85247665
53473690
97895562
23322956
85304416
26686439
62501869
58207172
94286694
90535773
89954854
26771297
79933828
26532121
39969294
84646450
19447912
18434228
73681352
10960742
83930855
75361934
85589440
70532884
90778251
20263037
83885052
73000773
78918173
12380772
72757275
11551595
71957420
40266673
95177535
64375771
21271888
48721082
76246025
14793036
79949996
80224698
42222150
77569408
27631794
13081894
36640207
38359454
96331518
83598108
11607943
62116640
72267764
37409407
61132541
84132245
90880590
12505110
67135129
40471744
77044983
70143742
88293457
33388333
79920864
32312686
86286034
89232235
25787105
14584919
48043853
96553914
72565717
88560224
75907730
37962347
45967822
95455514
37639057
26767988
97232441
63985050
15844936
60361949
75589608
72009015
32929693
68892467
60436759
54192154
75903965
34011663
78856470
69227852
65775508
93665346
55597176
94281516
81353602
64809990
59965201
23235561
39103693
74059853
63878343
88698266
52883806
17021672
53294453
20207305
31729152
27340819
85463539
35597847
45235807
18313784
51390865
25583635
47299591
19606097
16784784
18786476
81590057
18465205
19205316
32794014
36531115
62981797
34758477
30876658
63665457
87275232
98181107
12931895
88494700
45465385
73174745
89068908
88421435
16085348
52060083
52194316
89407241
79532489
79123310
27151496
66159019
99495309
25596513
53089919
52366648
24893963
44302512
65136502
22068457
38259038
56239797
70797587
29811212
45221271
74962986
57150590
27467464
98763533
43721886
17180488
92787399
94903117
52586962
25437861
23562500
27192107
22529892
29173410
78848570
74010003
87863666
31396452
37182976
97480556
35262504
13099605
99293192
55468118
73532709
88489440
16249502
69046502
31543728
58876512
96882188
85171066
21288114
54232971
29676738
15837549
10740221
21624485
20792728
83190233
88847690
53082691
57173437
84765040
86950059
79855712
44136798
98610114
60946156
18906060
87424641
74771552
54235664
63474752
56908897
14965714
89490509
53932920
56630988
85780427
56643542
91422206
65037957
62634233
81607609
28269465
53506469
15922252
89937640
90632298
94174886
65221507
61492692
84654259
85749613
72282173
30729803
87636007
15325272
93341454
13493407
78624146
83246054
73587347
38606165
81179611
75640498
84297703
19746285
60043584
90050612
64315417
49093551
56248464
63929205
57342950
65896743
80090853
66252968
62563200
50705660
61065350
25195759
47738767
71441014
33444921
34952682
33749450
95270778
51102917
69463380
42325348
96905948
27073745
25145881
99839743
43302922
44396621
92204590
81119884
96217779
26387641
65203091
31982960
94178415
28076446
81847301
91698368
41881706
21554698
46857097
14125922
70026170
95160877
40561944
84983034
92704463
53233614
63893863
97558507
62891711
74205815
74792140
81786743
64759214
81116094
61234485
43327594
18138613
68030760
32013275
56561295
94221810
84400961
61021088
96922831
55642060
14911559
51142857
55023281
34660416
35575963
83835376
69930408
59600421
99061603
97549049
39396021
30178649
52041294
51190948
64882532
73096224
21165836
54801078
56379217
55477133
57635733
90354470
18199200
64714009
73165611
24404501
31977172
58643064
52998134
74610873
26462102
78968424
18625049
97942585
26524078
11254385
24810620
84844672
25735897
66467538
11351005
64662687
17835544
66695149
51807952
82852617
32454726
27881991
20931887
98780648
36584548
37362952
57268118
33127933
70810029
28244594
40309929
51313343
85524330
95173557
41042831
43403232
57568292
19346540
66285043
15586825
40372789
56213522
66481872
16746766
38017628
96304284
74863078
58266164
75417630
88320245
18537950
51128065
53229670
60895993
98764678
27678773
38711316
95221216
89936846
85591934
82739844
31240990
38141500
42736680
36223779
68027361
80067331
28899483
87015472
35571161
87963635
10382090
19777046
45029923
96225769
84302842
99248160
19510556
99673807
40490724
29711114
40025626
31381695
40055687
63191582
30971102
93280147
98383207
28618859
95369112
15761645
58451985
11570821
88612788
40629399
73249525
18381785
54794341
55521425
34784561
32418625
30151281
96244214
71179621
12030725
30648857
42932027
86216900
38708928
61816240
44454169
25944889
32440769
51266522
33581019
61364655
89579833
63089067
83354403
32052535
91220521
32986352
50600974
83164699
77387848
67978488
36498025
53288848
36013071
95008156
71814564
40213363
48944362
86651811
29169293
20548886
81803340
50174124
16537675
14779073
86362945
13392208
61743947
84926614
44495415
57745656
99822062
83381048
60510162
22793914
92409850
88593570
58374150
94287322
49716717
76063180
88427785
83646278
73375283
69252014
68415210
65258371
43090060
19240688
13032325
87015442
16216273
51045262
96330160
67120392
70502882
89608961
71220649
89224584
59222910
22476824
78796412
95944696
78383426
25912231
31463564
22015194
23906638
44332567
16006588
24114884
25772320
25641034
38823042
53347880
78237696
20886477
95930556
25735602
27692490
89283105
21337025
79919807
98433400
34297568
59468483
50138377
40776569
51331037
81484787
22284789
28595153
38937459
11948431
97893876
58665403
56583960
54057172
28675132
98946586
50506831
82585381
10019208
53750414
58395444
86284422
40431420
58660874
33882266
62282544
91135679
75809196
84825913
36144849
75830894
82288050
51015572
26491948
61500633
77226412
55650857
79986804
22863180
72046070
89865494
77343670
13905904
76428194
13461644
17801642
86647634
43582285
65349011
93575103
80723936
17061673
43967913
77755949
44184288
23852562
95719892
44163187
55199198
38966322
41932933
46919994
30020118
29370564
54007791
33603441
23733449
50449156
11069250
59387492
28331186
26228940
31463205
34621762
27283864
87923327
29193475
78518393
13570134
57279858
26314752
43990638
31961041
72442331
64462990
97081627
17018872
46005743
36646758
11168503
12651457
58719091
81967503
10657721
87196047
46895641
95877062
84687293
35371046
56464066
88642735
35602916
56105139
64054871
40259167
93628823
50514262
35159087
58270688
40648722
61591524
15528687
16510940
53793092
14607504
91895677
52210136
87477092
71525076
50864791
45542078
10204637
62588212
98890556
60906536
79902996
78306193
94389148
49725079
26812579
95552273
76069775
85674292
64624418
89247407
86292547
15862627
69263517
72140301
32347787
33765479
79143928
43047931
75532807
42052559
82122399
44737664
36361294
29194444
66671786
60442373
26356557
49286652
42496319
87344653
29586804
60920706
21151301
97991320
29515948
35803110
40550698
55440459
63830983
72206146
55015984
93765990
45840881
76744483
36953140
97462334
66567792
26997540
83719057
45236002
30549424
39319558
68055118
55471982
70790003
12832575
98455517
51344421
95898764
66590327
42916794
11917113
56073543
33738864
17857318
23480524
73032274
58519808
98134624
20015106
53121086
11016455
73629948
42338681
10793183
72808625
36660494
76954915
99192326
98187768
67983416
94964695
87940434
49280615
85845450
10267079
47159824
36417945
85162898
96243921
72790836
46641158
47202517
81661121
33604739
76381791
30569194
77746823
18267758
77026587
57407311
70616931
42305302
53326442
82713432
11828735
28621674
51854336
71390539
61690560
24050014
87101833
63617530
12051632
23366171
28662077
71625523
26157733
95332900
39840938
33264083
47700957
54202451
54558293
75819566
23372536
16485025
31369428
61432204
53732444
55581890
67831895
86258828
19722810
48599670
99481915
92273776
21911287
17940498
47586462
47822070
12733945
38626912
52316776
18238900
90310073
75185472
76019242
81065772
57094147
35805032
80021685
46345960
37633710
70963578
65962283
16753533
96329435
91769039
44101663
99683648
90191267
73529615
59498388
31971850
71587527
20004618
75622328
83405230
72646966
97232277
60972588
45303826
56434164
53882997
17025371
26750928
48605068
49522976
99866831
42143673
98200276
94603356
42405449
17705947
11704778
68820947
95870524
67466552
11973586
39810707
62898398
89035264
61732484
60736837
42434411
72623174
86472720
88737442
28401989
79420705
79556349
87843380
65835652
30484639
87783067
40358102
37599165
23565748
33040030
61447663
41155262
84662683
47107966
41151802
72679043
51237765
18077838
51073146
16100922
78498343
82824084
34418557
64291773
61117877
99798181
49793571
32332945
36014393
49949139
33879946
25928810
11028118
14349898
36902444
60566883
97276401
97933260
71742064
26765619
84261196
89224011
47601233
71368479
82522810
64034994
27440076
54153792
17742570
68408822
71376216
99588036
56039341
38520680
20270687
89387350
26152497
50882513
92080184
82553419
42621456
88270142
34435274
19581142
91085290
78234968
44469462
29109583
57348254
98626636
61654348
47723192
84215885
51974177
77501707
50379824
18691527
73360981
19400937
62151450
22703681
37412987
41318308
27658408
12120722
64512742
32702566
65361382
24199656
25684845
40716622
38181556
20679235
58957289
69175131
55785613
55492949
79041166
58509899
50469859
32777928
20305024
68134970
56031352
38158968
58599730
46227739
89220404
76140763
28124277
35883078
94660345
74846979
37598405
37750401
72310091
11096741
20283661
73874856
96104281
58457561
76140543
71701850
21427111
54456332
95452130
89378184
58032484
25476872
76128135
42108989
24508167
38576864
29392590
79866242
54762466
31448288
81554108
51431922
93701485
68919621
43885900
29605239
19547357
23247225
92233191
10968903
89710378
33947163
75694092
93550982
66668793
87096487
92958424
19762931
26459108
65332047
84227266
42565634
94350463
66299285
96378247
13562519
84585541
66672305
38601104
50589270
30785631
13844546
35346527
88676582
36965551
44691278
30231276
19060924
44386180
42143475
71115041
54511968
59369223
13039114
41119847
13367519
71174380
47954277
36764196
26664900
42666671
71770232
91767180
58669383
47955758
39967992
74995702
64344265
52914633
56109935
18151867
30320000
18456896
73589128
13690867
83412969
56462983
21264435
74426507
77131533
34803901
18151429
51103441
27418406
81898659
49008262
97518485
80173464
80929464
67229404
69851118
13641712
18273378
46983297
63489045
67937606
43696769
96464019
92198790
13197676
29550992
44376149
27432940
40855166
77387626
75384136
33763725
44965910
90748324
87648530
67505607
38739602
85117586
33761026
92170920
78819972
43385460
27721132
48233445
38266013
44647032
35928285
18786062
91594212
47821066
16557104
24939117
51615602
91498088
96292578
12744073
67586425
59798232
98304689
83587722
49026511
25986668
86826882
64692442
86187982
15916301
87361468
48236415
89969866
48285397
25218790
73948954
73746831
42908740
35432077
79829167
88356258
24946303
59572348
12112442