16384183
14962882
79818714
66024660
57303488
34649528
35400244
34704878
25613403
36473723
88292717
78107361
64075305
29642450
80251378
56120589
47150712
23169718
17981577
37781474
42815092
81213324
17034432
51278711
32222483
15543568
19405968
31437447
25125557
69063189
79462528
17086491
60390503
44759373
42952413
76118831
65745196
12172500
68231554
11629597
96558115
36605233
81649622
82881109
10861254
23280813
32226304
16628979
50091971
45430132
99474022
30122171
98470139
26092486
19975664
62130198
20978638
72030974
20363933
94428822
17589209
47162426
52777840
73862161
90961559
55656068
86029074
65210077
90874246
64080639
61705213
60253425
11831149
48686015
18110729
52999448
59718854
71057462
29073542
94824163
45453710
52838125
96022483
79122267
43096911
72661400
25778339
94516816
61961003
20185491
47786415
48499979
23909140
47430210
71385621
43285056
72994589
95402472
28359212
20920241
91165602
79789640
57786126
17074703
65691158
49238640
51701819
21258341
34464080
66897557
64950002
44346000
69400654
77189961
69785800
58937731
44834152
28330411
40085459
86995615
86201009
61784745
79479115
72079781
76237203
83335781
50675252
55271336
72244458
81621454
50518996
44213284
40137424
85999442
10569991
30397705
51205968
39618782
53484678
53232193
74923011
81660721
53909143
89677274
12642806
62879177
38935829
26765413
53202824
66869674
24043995
22334058
56902821
23224066
44074008
95237804
13220314
92643336
53748262
59198304
57723524
48199782
55180088
56118395
60655978
91641944
87541428
53956121
86403076
58581164
40325926
44861427
53692146
62259910
93191877
92799604
68415453
62303037
89576554
11923512
21989181
68663387
11536281
25853854
66296465
48313663
36799320
30153870
42235040
57257651
78357408
11946610
36391172
29065565
43895501
89656321
37181468
40149384
68950059
80845039
77127763
29354946
90508273
44916700
52172873
68446829
43919794
94254815
23767936
31644197
35119610
13055415
46966319
87819984
14349095
94904947
62161670
34343985
47551301
30567066
89215289
18884931
15978874
93238782
57271709
94767674
65118622
56530175
61397306
23469251
59919772
36266059
98413906
65297863
53936480
87908349
72144572
12561359
38719728
96544623
71562241
85386447
52194520
20968744
25574834
65425768
24138370
71416392
73889714
87070699
31611803
55767687
24025406
95596018
22769108
48369073
60790490
15872619
32621440
63512211
79714730
97979920
41589376
45660108
57342205
11266597
50580608
15429639
33506299
88116396
16996684
41784642
55614375
17794101
29322298
48095391
66426964
22713741
94847034
75431675
41844745
68102826
96257065
44767526
92391915
34048965
67586764
38644044
29737011
48169123
46984858
66981606
70342197
11402008
86487643
91610040
86517404
67681066
28944300
77166678
91289439
80471487
68356099
54346465
53117797
53605013
24774455
25180516
63615556
36723798
89808921
30435920
26624798
20272805
79797577
88318584
18793063
88062235
80857435
30313778
23850703
98586964
34548999
89888899
77464494
49540122
94669907
22718539
25708768
46621561
16546183
70894077
24702640
63221429
93104877
71408374
67018080
62917621
90850172
74322956
87564750
79191319
95913239
40875736
20827972
91148682
51077021
10217721
14939641
15933329
34833107
99000704
51193749
89536718
68449279
42299321
27495498
68097392
32401842
64593016
11007576
67615464
35599083
45038836
42172605
86951109
52131384
35491901
24634346
54751504
71481458
83931415
84234201
64975915
88858224
88350410
33523354
46846989
97526823
83592677
98774525
70743562
12685313
85777139
85093084
41851844
20432927
20736706
56262452
45870343
83505148
51585534
20374268
99847746
50783202
57814662
61352018
41491070
56924129
34086882
79582659
37318833
76080947
89282768
62018085
23402568
70238976
37130984
58086275
58324604
92974982
45292806
99975012
17695021
14968070
68112253
72139198
46830813
76645925
90322307
61041342
40496418
59203510
64100022
40451791
88751239
97629112
70953856
21816495
51389918
51001460
69726813
92589174
93884038
52958615
67807521
83372709
39716252
21656223
94191944
30913694
39189046
85966750
24993266
86258945
22825340
47533746
69557555
88782300
72939453
28294894
64130151
58046817
48694370
88548113
16040891
37596697
41059493
31468873
17965629
54022267
22469271
21447677
83148689
78356507
56591340
41996306
64182428
29626184
45434791
66860557
95167543
72777186
93178751
91053339
69981884
36999796
14225831
36028927
73020258
12081453
47358163
29985347
58898893
50497610
31226266
18768669
51143176
81913107
76354536
19655520
67787516
92150485
62375709
63902061
64057099
99455216
30588774
85975970
50524869
67767416
84759495
26000219
88580483
81478638
27824225
35439167
59526271
29702089
49893047
43611920
71884088
76637237
58450530
99188770
19930753
59579926
55732002
84247773
25417749
65863929
97722698
58571814
22902856
12514280
90243218
33875801
58549795
71321041
74594431
31781400
30733042
38629323
56307906
42704736
30423820
27183501
90406393
90302905
12416360
61132162
76301063
19141276
93832306
21578756
77706137
59018781
79732810
30340852
43659874
16159023
56016610
47599306
41360897
92782231
39033086
47919163
14435153
55861836
38324266
47100107
59096705
18583053
82196590
51304751
12756501
53755999
92295316
81564652
73892257
96268730
23462484
37317361
52058151
30801900
51665824
67482194
37905122
48852312
77517120
57418097
96863395
94341559
60739221
81655711
45958404
45575332
15268281
27846623
35559558
92681835
58467086
89384646
52072353
48518388
81390689
96043876
90495095
82383549
53792655
69452697
12016922
64377617
28003718
28555314
48651302
65740108
13105152
38859512
52361849
99326985
99018210
22859624
85915240
46864916
40839265
62411659
18993288
40211452
31257362
52039718
58810207
89071703
71313545
77102149
61334562
23457545
69470165
67101685
49481852
13270194
83813084
36193065
62965671
62419351
10980251
37498103
95089655
26568522
81808794
37415740
54781923
38928452
74800135
25115039
34560858
55240081
18889209
56989701
95173938
18694034
73058643
27532916
80114097
78702130
90655229
50643300
81204602
37919054
96762522
48248074
67751876
21672208
33691265
91147628
36825153
32995781
85996257
74750791
67670885
70037487
82600801
41585085
51963181
97530602
98171023
51463507
54949020
68966285
89137427
57757139
85678567
93973168
82915500
97041632
15363922
26891544
22832503
90360491
89313064
97103607
22470313
66666696
89292333
84944301
33022517
76720275
24547324
58819310
88454924
59385336
64351968
52343540
74951533
84201524
10424590
21182336
49083847
76076460
71218453
11702615
20201169
91870975
59565097
11463068
69121096
21729688
13988470
66736025
89137592
29498018
25940324
41275529
42720914
21826721
15066492
90731087
51944676
84894804
21343046
56815891
39699068
66803307
84810370
26407455
73257379
24993072
18487406
43442517
59677712
73709132
73104805
82175516
75945031
39251010
64223096
65286174
30962583
59120577
93485616
79272119
89171526
48022580
73325245
24638425
69216728
18014046
79365577
31721800
11142400
50214197
31273177
88986976
34384632
11033378
71350378
57585734
48906877
88353431
47472219
11908385
47883856
34210482
25925349
61807272
29256602
48632106
14666752
47266284
38277553
45413762
27606592
90427228
25343518
72447599
76590815
51599725
25829327
94776176
78919748
43655942
12734071
79062986
49518759
47335755
55718170
33312885
57314263
36241948
37796874
43683334
61514264
96555867
66712036
49506033
56792570
80232368
35805226
55139415
58278885
64647543
85916008
19697889
83434060
91469051
49412067
55706033
97960945
51644985
93349346
64255461
83274755
95914978
92610597
59553055
83925785
76850561
48606394
26633057
80459439
40410535
85192779
52917206
55435131
22427222
61262706
21929911
99933027
23704696
59652616
77783894
55621496
17948491
74325190
69804361
77191728
70340869
65878092
97119781
14885534
41462700
62320037
66581222
49246004
49355744
41539051
34623464
84870192
83666510
53857879
94335493
20739465
83061515
99143366
59449731
64062069
82033542
25910835
11492334
41440178
68641904
44643686
64580608
58259259
96522698
76103918
18116282
98578433
58634181
26677767
59482375
89226391
75444175
21652641
33103401
76599825
83646751
87453375
23860238
55229404
51623201
87656878
18870169
65595371
84637681
39962490
31570439
26527415
97150742
93325214
42057834
52880355
54956044
78166011
72304070
86752768
57375679
76148210
81564134
72211174
34512315
30177734
47198151
13390002
83059099
66337468
87702599
23010704
53068907
93356771
78957787
44718676
54735638
79902801
38450875
27751197
32594576
68772600
73385771
58768795
13816600
90969758
95003156
84326976
80052413
60991770
40958414
87404627
47631967
83044497
69779802
70712787
79399294
19604606
92602484
54390913
92570925
52715303
75408444
34768030
27046734
75339815
26338106
35286268
65387966
71304318
25744744
37816886
92820493
17103336
36771089
92075082
17229453
81425766
62821764
83411541
85414166
70509276
12850136
97740657
94664938
13943687
83192888
89375386
99547710
83458737
61408813
74834178
13210692
74592128
37727593
31647566
55515844
29257500
50647260
72309187
57227811
42113590
72815423
84917457
35379203
68262154
71481074
20305919
18047033
35795221
50821305
29541902
92634634
41841301