33048541
72131115
34970005
42657194
84089798
34628954
38974668
97265030
39955779
56379068
80390265
91570024
73930886
79768625
64062341
62962207
52514564
59338041
97516739
88739823
19152795
27808526
62029143
23292799
74113793
34330413
13929622
21304402
12654657
49787603
31723724
36026939
61070917
47122136
34966551
93997847
70875480
92233310
59050669
56420282
86171488
32423275
51250630
51210071
98817776
19113307
22723570
56546779
76241913
19945800
84830078
22407184
67400557
73723776
17407148
40715141
34836517
87768982
67494220
57794069
17553222
42614503
22599150
97255267
40286182
61120213
19973216
34061041
20148727
89410396
86824848
69273961
81386652
29239390
70976248
75205252
11749845
99758382
12135416
48223645
20894782
39608674
27765660
58775831
67147410
24659158
54015167
41422570
70435045
98906720
17643888
30720270
61170496
11395723
32233316
75438292
30216160
98228975
28529241
63537864
61020140
80879179
40962420
33925445
50993033
10599533
54484535
99925078
27692557
39338436
77302322
15382024
83779050
78825065
15371068
95988468
57268939
80841291
17614296
36391045
34854281
13299526
93648899
49490454
32563824
62233458
21386565
21097053
92170350
61532351
17238467
70659301
12168224
26367973
57100058
20746441
58693535
94658172
20728426
65095897
49115371
20610673
74354440
61084088
12882271
68956810
98823492
64656277
59637158
68303742
12014677
65059798
69701088
84525191
10488623
58416522
48760876
55492843
11977493
21002728
75598159
11116156
65131673
78106914
60478261
25674255
30917393
16099195
39935308
78379051
58143024
76301970
27256743
36860492
17375771
89833995
96808411
97347958
92423393
99367598
49048555
93423612
25954860
20811713
21071091
70741503
84449182
38210020
87055916
34356794
82809377
46988682
70539847
18148756
12038942
24220188
33656627
58177244
94097336
88315056
